# "IdentifyDiamond.counts.HEX_DIAMOND_FIRST_NEIGHBOR" "IdentifyDiamond.counts.HEX_DIAMOND_SECOND_NEIGHBOR" "IdentifyDiamond.counts.OTHER" "Frame" "IdentifyDiamond.counts.CUBIC_DIAMOND" "IdentifyDiamond.counts.CUBIC_DIAMOND_FIRST_NEIGHBOR" "IdentifyDiamond.counts.CUBIC_DIAMOND_SECOND_NEIGHBOR" "IdentifyDiamond.counts.HEX_DIAMOND" "SourceFrame" "Timestep"
0 0 199 0 1 4 12 0 0 2200000 
0 0 199 1 1 4 12 0 1 2200100 
0 0 216 2 0 0 0 0 2 2200200 
0 0 216 3 0 0 0 0 3 2200300 
0 0 216 4 0 0 0 0 4 2200400 
0 0 216 5 0 0 0 0 5 2200500 
0 0 199 6 1 4 12 0 6 2200600 
0 0 216 7 0 0 0 0 7 2200700 
0 0 216 8 0 0 0 0 8 2200800 
0 0 216 9 0 0 0 0 9 2200900 
0 0 199 10 1 4 12 0 10 2201000 
0 0 199 11 1 4 12 0 11 2201100 
0 0 199 12 1 4 12 0 12 2201200 
0 0 216 13 0 0 0 0 13 2201300 
0 0 199 14 1 4 12 0 14 2201400 
0 0 216 15 0 0 0 0 15 2201500 
0 0 199 16 1 4 12 0 16 2201600 
0 0 216 17 0 0 0 0 17 2201700 
0 0 199 18 1 4 12 0 18 2201800 
0 0 216 19 0 0 0 0 19 2201900 
0 0 216 20 0 0 0 0 20 2202000 
0 0 199 21 1 4 12 0 21 2202100 
0 0 216 22 0 0 0 0 22 2202200 
0 0 199 23 1 4 12 0 23 2202300 
0 0 199 24 1 4 12 0 24 2202400 
0 0 216 25 0 0 0 0 25 2202500 
0 0 216 26 0 0 0 0 26 2202600 
0 0 199 27 1 4 12 0 27 2202700 
0 0 199 28 1 4 12 0 28 2202800 
0 0 216 29 0 0 0 0 29 2202900 
0 0 199 30 1 4 12 0 30 2203000 
0 0 199 31 1 4 12 0 31 2203100 
0 0 216 32 0 0 0 0 32 2203200 
0 0 216 33 0 0 0 0 33 2203300 
0 0 199 34 1 4 12 0 34 2203400 
0 0 199 35 1 4 12 0 35 2203500 
0 0 216 36 0 0 0 0 36 2203600 
0 0 216 37 0 0 0 0 37 2203700 
0 0 216 38 0 0 0 0 38 2203800 
0 0 199 39 1 4 12 0 39 2203900 
0 0 216 40 0 0 0 0 40 2204000 
0 0 199 41 1 4 12 0 41 2204100 
0 0 216 42 0 0 0 0 42 2204200 
0 0 216 43 0 0 0 0 43 2204300 
0 0 199 44 1 4 12 0 44 2204400 
0 0 216 45 0 0 0 0 45 2204500 
0 0 199 46 1 4 12 0 46 2204600 
0 0 216 47 0 0 0 0 47 2204700 
0 0 199 48 1 4 12 0 48 2204800 
0 0 199 49 1 4 12 0 49 2204900 
0 0 199 50 1 4 12 0 50 2205000 
0 0 216 51 0 0 0 0 51 2205100 
0 0 216 52 0 0 0 0 52 2205200 
0 0 199 53 1 4 12 0 53 2205300 
0 0 199 54 1 4 12 0 54 2205400 
0 0 199 55 1 4 12 0 55 2205500 
0 0 199 56 1 4 12 0 56 2205600 
0 0 216 57 0 0 0 0 57 2205700 
0 0 199 58 1 4 12 0 58 2205800 
0 0 199 59 1 4 12 0 59 2205900 
0 0 199 60 1 4 12 0 60 2206000 
0 0 216 61 0 0 0 0 61 2206100 
0 0 216 62 0 0 0 0 62 2206200 
0 0 216 63 0 0 0 0 63 2206300 
0 0 199 64 1 4 12 0 64 2206400 
0 0 216 65 0 0 0 0 65 2206500 
0 0 216 66 0 0 0 0 66 2206600 
0 0 199 67 1 4 12 0 67 2206700 
0 0 199 68 1 4 12 0 68 2206800 
0 0 199 69 1 4 12 0 69 2206900 
0 0 199 70 1 4 12 0 70 2207000 
0 0 216 71 0 0 0 0 71 2207100 
0 0 199 72 1 4 12 0 72 2207200 
0 0 216 73 0 0 0 0 73 2207300 
0 0 199 74 1 4 12 0 74 2207400 
0 0 216 75 0 0 0 0 75 2207500 
0 0 199 76 1 4 12 0 76 2207600 
0 0 216 77 0 0 0 0 77 2207700 
0 0 199 78 1 4 12 0 78 2207800 
0 0 216 79 0 0 0 0 79 2207900 
0 0 199 80 1 4 12 0 80 2208000 
0 0 216 81 0 0 0 0 81 2208100 
0 0 199 82 1 4 12 0 82 2208200 
0 0 199 83 1 4 12 0 83 2208300 
0 0 199 84 1 4 12 0 84 2208400 
0 0 216 85 0 0 0 0 85 2208500 
0 0 199 86 1 4 12 0 86 2208600 
0 0 199 87 1 4 12 0 87 2208700 
0 0 216 88 0 0 0 0 88 2208800 
4 12 199 89 0 0 0 1 89 2208900 
4 12 199 90 0 0 0 1 90 2209000 
0 0 199 91 1 4 12 0 91 2209100 
0 0 199 92 1 4 12 0 92 2209200 
0 0 199 93 1 4 12 0 93 2209300 
0 0 199 94 1 4 12 0 94 2209400 
0 0 216 95 0 0 0 0 95 2209500 
0 0 216 96 0 0 0 0 96 2209600 
0 0 216 97 0 0 0 0 97 2209700 
0 0 199 98 1 4 12 0 98 2209800 
0 0 199 99 1 4 12 0 99 2209900 
0 0 199 100 1 4 12 0 100 2210000 
0 0 199 101 1 4 12 0 101 2210100 
0 0 216 102 0 0 0 0 102 2210200 
0 0 199 103 1 4 12 0 103 2210300 
0 0 199 104 1 4 12 0 104 2210400 
0 0 216 105 0 0 0 0 105 2210500 
0 0 216 106 0 0 0 0 106 2210600 
0 0 216 107 0 0 0 0 107 2210700 
0 0 199 108 1 4 12 0 108 2210800 
0 0 216 109 0 0 0 0 109 2210900 
0 0 199 110 1 4 12 0 110 2211000 
0 0 216 111 0 0 0 0 111 2211100 
0 0 216 112 0 0 0 0 112 2211200 
0 0 216 113 0 0 0 0 113 2211300 
0 0 199 114 1 4 12 0 114 2211400 
0 0 216 115 0 0 0 0 115 2211500 
0 0 216 116 0 0 0 0 116 2211600 
0 0 199 117 1 4 12 0 117 2211700 
0 0 216 118 0 0 0 0 118 2211800 
0 0 199 119 1 4 12 0 119 2211900 
0 0 216 120 0 0 0 0 120 2212000 
0 0 216 121 0 0 0 0 121 2212100 
0 0 199 122 1 4 12 0 122 2212200 
0 0 216 123 0 0 0 0 123 2212300 
0 0 199 124 1 4 12 0 124 2212400 
0 0 199 125 1 4 12 0 125 2212500 
0 0 216 126 0 0 0 0 126 2212600 
0 0 199 127 1 4 12 0 127 2212700 
0 0 216 128 0 0 0 0 128 2212800 
0 0 199 129 1 4 12 0 129 2212900 
0 0 199 130 1 4 12 0 130 2213000 
4 12 182 131 1 4 12 1 131 2213100 
4 12 182 132 1 4 12 1 132 2213200 
0 0 216 133 0 0 0 0 133 2213300 
0 0 199 134 1 4 12 0 134 2213400 
0 0 199 135 1 4 12 0 135 2213500 
4 12 199 136 0 0 0 1 136 2213600 
0 0 199 137 1 4 12 0 137 2213700 
0 0 216 138 0 0 0 0 138 2213800 
0 0 216 139 0 0 0 0 139 2213900 
0 0 199 140 1 4 12 0 140 2214000 
0 0 216 141 0 0 0 0 141 2214100 
0 0 216 142 0 0 0 0 142 2214200 
0 0 216 143 0 0 0 0 143 2214300 
0 0 199 144 1 4 12 0 144 2214400 
0 0 199 145 1 4 12 0 145 2214500 
0 0 199 146 1 4 12 0 146 2214600 
0 0 216 147 0 0 0 0 147 2214700 
0 0 199 148 1 4 12 0 148 2214800 
0 0 216 149 0 0 0 0 149 2214900 
0 0 216 150 0 0 0 0 150 2215000 
0 0 199 151 1 4 12 0 151 2215100 
0 0 199 152 1 4 12 0 152 2215200 
0 0 216 153 0 0 0 0 153 2215300 
0 0 199 154 1 4 12 0 154 2215400 
0 0 216 155 0 0 0 0 155 2215500 
0 0 199 156 1 4 12 0 156 2215600 
0 0 216 157 0 0 0 0 157 2215700 
0 0 216 158 0 0 0 0 158 2215800 
0 0 199 159 1 4 12 0 159 2215900 
0 0 216 160 0 0 0 0 160 2216000 
0 0 199 161 1 4 12 0 161 2216100 
0 0 199 162 1 4 12 0 162 2216200 
0 0 216 163 0 0 0 0 163 2216300 
0 0 216 164 0 0 0 0 164 2216400 
0 0 199 165 1 4 12 0 165 2216500 
0 0 199 166 1 4 12 0 166 2216600 
0 0 216 167 0 0 0 0 167 2216700 
0 0 199 168 1 4 12 0 168 2216800 
0 0 199 169 1 4 12 0 169 2216900 
0 0 216 170 0 0 0 0 170 2217000 
0 0 216 171 0 0 0 0 171 2217100 
0 0 216 172 0 0 0 0 172 2217200 
0 0 216 173 0 0 0 0 173 2217300 
0 0 199 174 1 4 12 0 174 2217400 
0 0 216 175 0 0 0 0 175 2217500 
0 0 199 176 1 4 12 0 176 2217600 
0 0 199 177 1 4 12 0 177 2217700 
0 0 216 178 0 0 0 0 178 2217800 
0 0 199 179 1 4 12 0 179 2217900 
0 0 199 180 1 4 12 0 180 2218000 
0 0 199 181 1 4 12 0 181 2218100 
4 12 182 182 1 4 12 1 182 2218200 
0 0 216 183 0 0 0 0 183 2218300 
0 0 216 184 0 0 0 0 184 2218400 
0 0 199 185 1 4 12 0 185 2218500 
0 0 199 186 1 4 12 0 186 2218600 
0 0 199 187 1 4 12 0 187 2218700 
0 0 216 188 0 0 0 0 188 2218800 
0 0 199 189 1 4 12 0 189 2218900 
0 0 199 190 1 4 12 0 190 2219000 
0 0 216 191 0 0 0 0 191 2219100 
0 0 216 192 0 0 0 0 192 2219200 
0 0 216 193 0 0 0 0 193 2219300 
0 0 199 194 1 4 12 0 194 2219400 
0 0 199 195 1 4 12 0 195 2219500 
0 0 216 196 0 0 0 0 196 2219600 
0 0 199 197 1 4 12 0 197 2219700 
0 0 199 198 1 4 12 0 198 2219800 
0 0 199 199 1 4 12 0 199 2219900 
0 0 216 200 0 0 0 0 200 2220000 
0 0 216 201 0 0 0 0 201 2220100 
4 11 184 202 1 4 11 1 202 2220200 
0 0 216 203 0 0 0 0 203 2220300 
0 0 199 204 1 4 12 0 204 2220400 
0 0 199 205 1 4 12 0 205 2220500 
0 0 216 206 0 0 0 0 206 2220600 
0 0 216 207 0 0 0 0 207 2220700 
0 0 199 208 1 4 12 0 208 2220800 
0 0 199 209 1 4 12 0 209 2220900 
0 0 199 210 1 4 12 0 210 2221000 
0 0 216 211 0 0 0 0 211 2221100 
0 0 199 212 1 4 12 0 212 2221200 
0 0 216 213 0 0 0 0 213 2221300 
0 0 199 214 1 4 12 0 214 2221400 
0 0 216 215 0 0 0 0 215 2221500 
0 0 199 216 1 4 12 0 216 2221600 
0 0 199 217 1 4 12 0 217 2221700 
0 0 216 218 0 0 0 0 218 2221800 
0 0 216 219 0 0 0 0 219 2221900 
0 0 216 220 0 0 0 0 220 2222000 
0 0 216 221 0 0 0 0 221 2222100 
0 0 216 222 0 0 0 0 222 2222200 
0 0 199 223 1 4 12 0 223 2222300 
0 0 216 224 0 0 0 0 224 2222400 
0 0 216 225 0 0 0 0 225 2222500 
0 0 199 226 1 4 12 0 226 2222600 
0 0 199 227 1 4 12 0 227 2222700 
0 0 216 228 0 0 0 0 228 2222800 
0 0 199 229 1 4 12 0 229 2222900 
0 0 199 230 1 4 12 0 230 2223000 
0 0 216 231 0 0 0 0 231 2223100 
0 0 199 232 1 4 12 0 232 2223200 
0 0 199 233 1 4 12 0 233 2223300 
0 0 199 234 1 4 12 0 234 2223400 
4 12 199 235 0 0 0 1 235 2223500 
0 0 216 236 0 0 0 0 236 2223600 
0 0 199 237 1 4 12 0 237 2223700 
0 0 216 238 0 0 0 0 238 2223800 
0 0 199 239 1 4 12 0 239 2223900 
0 0 216 240 0 0 0 0 240 2224000 
0 0 199 241 1 4 12 0 241 2224100 
0 0 216 242 0 0 0 0 242 2224200 
0 0 199 243 1 4 12 0 243 2224300 
0 0 216 244 0 0 0 0 244 2224400 
0 0 216 245 0 0 0 0 245 2224500 
0 0 199 246 1 4 12 0 246 2224600 
0 0 216 247 0 0 0 0 247 2224700 
0 0 216 248 0 0 0 0 248 2224800 
0 0 199 249 1 4 12 0 249 2224900 
0 0 199 250 1 4 12 0 250 2225000 
0 0 216 251 0 0 0 0 251 2225100 
0 0 216 252 0 0 0 0 252 2225200 
0 0 199 253 1 4 12 0 253 2225300 
0 0 216 254 0 0 0 0 254 2225400 
0 0 199 255 1 4 12 0 255 2225500 
0 0 199 256 1 4 12 0 256 2225600 
0 0 199 257 1 4 12 0 257 2225700 
0 0 199 258 1 4 12 0 258 2225800 
0 0 199 259 1 4 12 0 259 2225900 
0 0 199 260 1 4 12 0 260 2226000 
0 0 199 261 1 4 12 0 261 2226100 
0 0 199 262 1 4 12 0 262 2226200 
0 0 199 263 1 4 12 0 263 2226300 
0 0 216 264 0 0 0 0 264 2226400 
4 12 199 265 0 0 0 1 265 2226500 
0 0 216 266 0 0 0 0 266 2226600 
0 0 199 267 1 4 12 0 267 2226700 
0 0 199 268 1 4 12 0 268 2226800 
0 0 199 269 1 4 12 0 269 2226900 
0 0 216 270 0 0 0 0 270 2227000 
0 0 199 271 1 4 12 0 271 2227100 
4 12 199 272 0 0 0 1 272 2227200 
0 0 216 273 0 0 0 0 273 2227300 
0 0 199 274 1 4 12 0 274 2227400 
0 0 216 275 0 0 0 0 275 2227500 
0 0 199 276 1 4 12 0 276 2227600 
0 0 216 277 0 0 0 0 277 2227700 
0 0 199 278 1 4 12 0 278 2227800 
0 0 199 279 1 4 12 0 279 2227900 
0 0 216 280 0 0 0 0 280 2228000 
0 0 199 281 1 4 12 0 281 2228100 
0 0 199 282 1 4 12 0 282 2228200 
0 0 199 283 1 4 12 0 283 2228300 
0 0 199 284 1 4 12 0 284 2228400 
0 0 216 285 0 0 0 0 285 2228500 
0 0 216 286 0 0 0 0 286 2228600 
0 0 199 287 1 4 12 0 287 2228700 
0 0 199 288 1 4 12 0 288 2228800 
0 0 216 289 0 0 0 0 289 2228900 
0 0 216 290 0 0 0 0 290 2229000 
0 0 199 291 1 4 12 0 291 2229100 
0 0 216 292 0 0 0 0 292 2229200 
0 0 199 293 1 4 12 0 293 2229300 
0 0 199 294 1 4 12 0 294 2229400 
0 0 199 295 1 4 12 0 295 2229500 
0 0 216 296 0 0 0 0 296 2229600 
0 0 199 297 1 4 12 0 297 2229700 
0 0 199 298 1 4 12 0 298 2229800 
0 0 216 299 0 0 0 0 299 2229900 
0 0 216 300 0 0 0 0 300 2230000 
0 0 216 301 0 0 0 0 301 2230100 
0 0 199 302 1 4 12 0 302 2230200 
0 0 216 303 0 0 0 0 303 2230300 
0 0 216 304 0 0 0 0 304 2230400 
0 0 216 305 0 0 0 0 305 2230500 
0 0 216 306 0 0 0 0 306 2230600 
0 0 216 307 0 0 0 0 307 2230700 
0 0 199 308 1 4 12 0 308 2230800 
0 0 216 309 0 0 0 0 309 2230900 
0 0 199 310 1 4 12 0 310 2231000 
0 0 199 311 1 4 12 0 311 2231100 
0 0 216 312 0 0 0 0 312 2231200 
0 0 216 313 0 0 0 0 313 2231300 
0 0 216 314 0 0 0 0 314 2231400 
0 0 199 315 1 4 12 0 315 2231500 
0 0 199 316 1 4 12 0 316 2231600 
0 0 199 317 1 4 12 0 317 2231700 
0 0 199 318 1 4 12 0 318 2231800 
0 0 199 319 1 4 12 0 319 2231900 
0 0 199 320 1 4 12 0 320 2232000 
0 0 199 321 1 4 12 0 321 2232100 
0 0 199 322 1 4 12 0 322 2232200 
0 0 216 323 0 0 0 0 323 2232300 
0 0 199 324 1 4 12 0 324 2232400 
0 0 199 325 1 4 12 0 325 2232500 
0 0 216 326 0 0 0 0 326 2232600 
0 0 199 327 1 4 12 0 327 2232700 
4 12 199 328 0 0 0 1 328 2232800 
0 0 216 329 0 0 0 0 329 2232900 
0 0 199 330 1 4 12 0 330 2233000 
0 0 199 331 1 4 12 0 331 2233100 
0 0 199 332 1 4 12 0 332 2233200 
0 0 216 333 0 0 0 0 333 2233300 
0 0 199 334 1 4 12 0 334 2233400 
0 0 216 335 0 0 0 0 335 2233500 
0 0 199 336 1 4 12 0 336 2233600 
0 0 199 337 1 4 12 0 337 2233700 
0 0 216 338 0 0 0 0 338 2233800 
0 0 199 339 1 4 12 0 339 2233900 
0 0 199 340 1 4 12 0 340 2234000 
0 0 216 341 0 0 0 0 341 2234100 
0 0 199 342 1 4 12 0 342 2234200 
4 12 199 343 0 0 0 1 343 2234300 
0 0 199 344 1 4 12 0 344 2234400 
0 0 216 345 0 0 0 0 345 2234500 
0 0 199 346 1 4 12 0 346 2234600 
0 0 199 347 1 4 12 0 347 2234700 
0 0 199 348 1 4 12 0 348 2234800 
0 0 216 349 0 0 0 0 349 2234900 
0 0 199 350 1 4 12 0 350 2235000 
0 0 199 351 1 4 12 0 351 2235100 
0 0 216 352 0 0 0 0 352 2235200 
0 0 199 353 1 4 12 0 353 2235300 
0 0 216 354 0 0 0 0 354 2235400 
0 0 216 355 0 0 0 0 355 2235500 
0 0 216 356 0 0 0 0 356 2235600 
0 0 199 357 1 4 12 0 357 2235700 
0 0 199 358 1 4 12 0 358 2235800 
0 0 199 359 1 4 12 0 359 2235900 
0 0 199 360 1 4 12 0 360 2236000 
0 0 216 361 0 0 0 0 361 2236100 
0 0 199 362 1 4 12 0 362 2236200 
0 0 199 363 1 4 12 0 363 2236300 
0 0 216 364 0 0 0 0 364 2236400 
0 0 216 365 0 0 0 0 365 2236500 
0 0 199 366 1 4 12 0 366 2236600 
0 0 199 367 1 4 12 0 367 2236700 
0 0 216 368 0 0 0 0 368 2236800 
0 0 199 369 1 4 12 0 369 2236900 
0 0 199 370 1 4 12 0 370 2237000 
0 0 216 371 0 0 0 0 371 2237100 
0 0 199 372 1 4 12 0 372 2237200 
0 0 199 373 1 4 12 0 373 2237300 
0 0 199 374 1 4 12 0 374 2237400 
0 0 216 375 0 0 0 0 375 2237500 
0 0 199 376 1 4 12 0 376 2237600 
0 0 199 377 1 4 12 0 377 2237700 
0 0 199 378 1 4 12 0 378 2237800 
0 0 199 379 1 4 12 0 379 2237900 
0 0 199 380 1 4 12 0 380 2238000 
0 0 216 381 0 0 0 0 381 2238100 
0 0 199 382 1 4 12 0 382 2238200 
0 0 216 383 0 0 0 0 383 2238300 
0 0 199 384 1 4 12 0 384 2238400 
0 0 199 385 1 4 12 0 385 2238500 
0 0 216 386 0 0 0 0 386 2238600 
0 0 216 387 0 0 0 0 387 2238700 
0 0 216 388 0 0 0 0 388 2238800 
0 0 216 389 0 0 0 0 389 2238900 
0 0 199 390 1 4 12 0 390 2239000 
0 0 216 391 0 0 0 0 391 2239100 
0 0 216 392 0 0 0 0 392 2239200 
0 0 216 393 0 0 0 0 393 2239300 
0 0 199 394 1 4 12 0 394 2239400 
0 0 216 395 0 0 0 0 395 2239500 
0 0 216 396 0 0 0 0 396 2239600 
0 0 199 397 1 4 12 0 397 2239700 
0 0 216 398 0 0 0 0 398 2239800 
0 0 199 399 1 4 12 0 399 2239900 
0 0 216 400 0 0 0 0 400 2240000 
0 0 199 401 1 4 12 0 401 2240100 
0 0 199 402 1 4 12 0 402 2240200 
0 0 199 403 1 4 12 0 403 2240300 
0 0 199 404 1 4 12 0 404 2240400 
0 0 199 405 1 4 12 0 405 2240500 
0 0 199 406 1 4 12 0 406 2240600 
0 0 216 407 0 0 0 0 407 2240700 
0 0 216 408 0 0 0 0 408 2240800 
0 0 216 409 0 0 0 0 409 2240900 
0 0 216 410 0 0 0 0 410 2241000 
0 0 199 411 1 4 12 0 411 2241100 
0 0 216 412 0 0 0 0 412 2241200 
0 0 199 413 1 4 12 0 413 2241300 
0 0 199 414 1 4 12 0 414 2241400 
0 0 199 415 1 4 12 0 415 2241500 
0 0 216 416 0 0 0 0 416 2241600 
0 0 199 417 1 4 12 0 417 2241700 
0 0 199 418 1 4 12 0 418 2241800 
0 0 216 419 0 0 0 0 419 2241900 
0 0 199 420 1 4 12 0 420 2242000 
0 0 216 421 0 0 0 0 421 2242100 
0 0 216 422 0 0 0 0 422 2242200 
0 0 199 423 1 4 12 0 423 2242300 
0 0 199 424 1 4 12 0 424 2242400 
0 0 199 425 1 4 12 0 425 2242500 
0 0 216 426 0 0 0 0 426 2242600 
0 0 199 427 1 4 12 0 427 2242700 
0 0 199 428 1 4 12 0 428 2242800 
0 0 216 429 0 0 0 0 429 2242900 
4 12 182 430 1 4 12 1 430 2243000 
0 0 199 431 1 4 12 0 431 2243100 
0 0 199 432 1 4 12 0 432 2243200 
0 0 199 433 1 4 12 0 433 2243300 
0 0 216 434 0 0 0 0 434 2243400 
0 0 216 435 0 0 0 0 435 2243500 
0 0 216 436 0 0 0 0 436 2243600 
0 0 199 437 1 4 12 0 437 2243700 
0 0 216 438 0 0 0 0 438 2243800 
0 0 199 439 1 4 12 0 439 2243900 
0 0 199 440 1 4 12 0 440 2244000 
0 0 199 441 1 4 12 0 441 2244100 
0 0 216 442 0 0 0 0 442 2244200 
0 0 199 443 1 4 12 0 443 2244300 
0 0 216 444 0 0 0 0 444 2244400 
0 0 199 445 1 4 12 0 445 2244500 
0 0 216 446 0 0 0 0 446 2244600 
0 0 199 447 1 4 12 0 447 2244700 
0 0 199 448 1 4 12 0 448 2244800 
0 0 199 449 1 4 12 0 449 2244900 
0 0 199 450 1 4 12 0 450 2245000 
0 0 199 451 1 4 12 0 451 2245100 
0 0 216 452 0 0 0 0 452 2245200 
0 0 199 453 1 4 12 0 453 2245300 
0 0 199 454 1 4 12 0 454 2245400 
0 0 199 455 1 4 12 0 455 2245500 
0 0 199 456 1 4 12 0 456 2245600 
0 0 216 457 0 0 0 0 457 2245700 
0 0 199 458 1 4 12 0 458 2245800 
0 0 199 459 1 4 12 0 459 2245900 
0 0 216 460 0 0 0 0 460 2246000 
0 0 199 461 1 4 12 0 461 2246100 
0 0 216 462 0 0 0 0 462 2246200 
0 0 199 463 1 4 12 0 463 2246300 
0 0 199 464 1 4 12 0 464 2246400 
0 0 199 465 1 4 12 0 465 2246500 
0 0 216 466 0 0 0 0 466 2246600 
0 0 216 467 0 0 0 0 467 2246700 
0 0 199 468 1 4 12 0 468 2246800 
0 0 216 469 0 0 0 0 469 2246900 
0 0 199 470 1 4 12 0 470 2247000 
0 0 199 471 1 4 12 0 471 2247100 
0 0 216 472 0 0 0 0 472 2247200 
0 0 199 473 1 4 12 0 473 2247300 
0 0 216 474 0 0 0 0 474 2247400 
0 0 199 475 1 4 12 0 475 2247500 
0 0 199 476 1 4 12 0 476 2247600 
0 0 199 477 1 4 12 0 477 2247700 
0 0 199 478 1 4 12 0 478 2247800 
0 0 216 479 0 0 0 0 479 2247900 
0 0 199 480 1 4 12 0 480 2248000 
0 0 199 481 1 4 12 0 481 2248100 
0 0 199 482 1 4 12 0 482 2248200 
0 0 216 483 0 0 0 0 483 2248300 
0 0 199 484 1 4 12 0 484 2248400 
0 0 199 485 1 4 12 0 485 2248500 
0 0 199 486 1 4 12 0 486 2248600 
0 0 199 487 1 4 12 0 487 2248700 
0 0 216 488 0 0 0 0 488 2248800 
0 0 199 489 1 4 12 0 489 2248900 
0 0 216 490 0 0 0 0 490 2249000 
0 0 216 491 0 0 0 0 491 2249100 
0 0 199 492 1 4 12 0 492 2249200 
0 0 199 493 1 4 12 0 493 2249300 
0 0 216 494 0 0 0 0 494 2249400 
0 0 199 495 1 4 12 0 495 2249500 
0 0 216 496 0 0 0 0 496 2249600 
0 0 199 497 1 4 12 0 497 2249700 
0 0 216 498 0 0 0 0 498 2249800 
0 0 199 499 1 4 12 0 499 2249900 
0 0 216 500 0 0 0 0 500 2250000 
0 0 199 501 1 4 12 0 501 2250100 
0 0 199 502 1 4 12 0 502 2250200 
0 0 199 503 1 4 12 0 503 2250300 
0 0 216 504 0 0 0 0 504 2250400 
0 0 199 505 1 4 12 0 505 2250500 
0 0 216 506 0 0 0 0 506 2250600 
0 0 199 507 1 4 12 0 507 2250700 
0 0 216 508 0 0 0 0 508 2250800 
0 0 199 509 1 4 12 0 509 2250900 
0 0 216 510 0 0 0 0 510 2251000 
0 0 199 511 1 4 12 0 511 2251100 
0 0 199 512 1 4 12 0 512 2251200 
0 0 199 513 1 4 12 0 513 2251300 
0 0 199 514 1 4 12 0 514 2251400 
0 0 216 515 0 0 0 0 515 2251500 
0 0 199 516 1 4 12 0 516 2251600 
0 0 199 517 1 4 12 0 517 2251700 
0 0 216 518 0 0 0 0 518 2251800 
0 0 216 519 0 0 0 0 519 2251900 
0 0 199 520 1 4 12 0 520 2252000 
0 0 199 521 1 4 12 0 521 2252100 
0 0 216 522 0 0 0 0 522 2252200 
0 0 199 523 1 4 12 0 523 2252300 
0 0 199 524 1 4 12 0 524 2252400 
0 0 199 525 1 4 12 0 525 2252500 
0 0 216 526 0 0 0 0 526 2252600 
0 0 199 527 1 4 12 0 527 2252700 
0 0 216 528 0 0 0 0 528 2252800 
0 0 199 529 1 4 12 0 529 2252900 
0 0 199 530 1 4 12 0 530 2253000 
0 0 216 531 0 0 0 0 531 2253100 
0 0 199 532 1 4 12 0 532 2253200 
0 0 216 533 0 0 0 0 533 2253300 
0 0 216 534 0 0 0 0 534 2253400 
0 0 199 535 1 4 12 0 535 2253500 
0 0 199 536 1 4 12 0 536 2253600 
0 0 199 537 1 4 12 0 537 2253700 
0 0 216 538 0 0 0 0 538 2253800 
0 0 199 539 1 4 12 0 539 2253900 
0 0 199 540 1 4 12 0 540 2254000 
0 0 199 541 1 4 12 0 541 2254100 
0 0 216 542 0 0 0 0 542 2254200 
0 0 199 543 1 4 12 0 543 2254300 
0 0 216 544 0 0 0 0 544 2254400 
0 0 199 545 1 4 12 0 545 2254500 
0 0 216 546 0 0 0 0 546 2254600 
0 0 199 547 1 4 12 0 547 2254700 
4 12 199 548 0 0 0 1 548 2254800 
0 0 199 549 1 4 12 0 549 2254900 
0 0 199 550 1 4 12 0 550 2255000 
0 0 216 551 0 0 0 0 551 2255100 
0 0 199 552 1 4 12 0 552 2255200 
0 0 216 553 0 0 0 0 553 2255300 
0 0 216 554 0 0 0 0 554 2255400 
0 0 216 555 0 0 0 0 555 2255500 
0 0 199 556 1 4 12 0 556 2255600 
0 0 199 557 1 4 12 0 557 2255700 
0 0 199 558 1 4 12 0 558 2255800 
0 0 199 559 1 4 12 0 559 2255900 
0 0 199 560 1 4 12 0 560 2256000 
0 0 199 561 1 4 12 0 561 2256100 
0 0 216 562 0 0 0 0 562 2256200 
0 0 199 563 1 4 12 0 563 2256300 
0 0 199 564 1 4 12 0 564 2256400 
0 0 216 565 0 0 0 0 565 2256500 
0 0 199 566 1 4 12 0 566 2256600 
0 0 216 567 0 0 0 0 567 2256700 
0 0 199 568 1 4 12 0 568 2256800 
0 0 199 569 1 4 12 0 569 2256900 
0 0 199 570 1 4 12 0 570 2257000 
0 0 199 571 1 4 12 0 571 2257100 
0 0 216 572 0 0 0 0 572 2257200 
0 0 199 573 1 4 12 0 573 2257300 
0 0 199 574 1 4 12 0 574 2257400 
0 0 199 575 1 4 12 0 575 2257500 
0 0 199 576 1 4 12 0 576 2257600 
0 0 199 577 1 4 12 0 577 2257700 
0 0 216 578 0 0 0 0 578 2257800 
0 0 199 579 1 4 12 0 579 2257900 
0 0 199 580 1 4 12 0 580 2258000 
0 0 199 581 1 4 12 0 581 2258100 
0 0 216 582 0 0 0 0 582 2258200 
0 0 199 583 1 4 12 0 583 2258300 
0 0 216 584 0 0 0 0 584 2258400 
0 0 216 585 0 0 0 0 585 2258500 
0 0 199 586 1 4 12 0 586 2258600 
0 0 216 587 0 0 0 0 587 2258700 
0 0 216 588 0 0 0 0 588 2258800 
0 0 199 589 1 4 12 0 589 2258900 
0 0 199 590 1 4 12 0 590 2259000 
0 0 216 591 0 0 0 0 591 2259100 
0 0 216 592 0 0 0 0 592 2259200 
0 0 199 593 1 4 12 0 593 2259300 
0 0 216 594 0 0 0 0 594 2259400 
0 0 199 595 1 4 12 0 595 2259500 
0 0 199 596 1 4 12 0 596 2259600 
0 0 216 597 0 0 0 0 597 2259700 
0 0 199 598 1 4 12 0 598 2259800 
0 0 216 599 0 0 0 0 599 2259900 
0 0 216 600 0 0 0 0 600 2260000 
0 0 199 601 1 4 12 0 601 2260100 
0 0 216 602 0 0 0 0 602 2260200 
0 0 216 603 0 0 0 0 603 2260300 
0 0 199 604 1 4 12 0 604 2260400 
0 0 199 605 1 4 12 0 605 2260500 
0 0 216 606 0 0 0 0 606 2260600 
0 0 216 607 0 0 0 0 607 2260700 
0 0 216 608 0 0 0 0 608 2260800 
0 0 199 609 1 4 12 0 609 2260900 
0 0 199 610 1 4 12 0 610 2261000 
0 0 199 611 1 4 12 0 611 2261100 
0 0 216 612 0 0 0 0 612 2261200 
0 0 199 613 1 4 12 0 613 2261300 
0 0 199 614 1 4 12 0 614 2261400 
0 0 199 615 1 4 12 0 615 2261500 
0 0 199 616 1 4 12 0 616 2261600 
0 0 216 617 0 0 0 0 617 2261700 
0 0 199 618 1 4 12 0 618 2261800 
0 0 216 619 0 0 0 0 619 2261900 
0 0 216 620 0 0 0 0 620 2262000 
0 0 199 621 1 4 12 0 621 2262100 
0 0 216 622 0 0 0 0 622 2262200 
0 0 199 623 1 4 12 0 623 2262300 
0 0 216 624 0 0 0 0 624 2262400 
0 0 199 625 1 4 12 0 625 2262500 
0 0 199 626 1 4 12 0 626 2262600 
0 0 216 627 0 0 0 0 627 2262700 
0 0 199 628 1 4 12 0 628 2262800 
0 0 216 629 0 0 0 0 629 2262900 
0 0 199 630 1 4 12 0 630 2263000 
0 0 216 631 0 0 0 0 631 2263100 
0 0 216 632 0 0 0 0 632 2263200 
0 0 199 633 1 4 12 0 633 2263300 
0 0 199 634 1 4 12 0 634 2263400 
0 0 216 635 0 0 0 0 635 2263500 
0 0 199 636 1 4 12 0 636 2263600 
0 0 216 637 0 0 0 0 637 2263700 
0 0 199 638 1 4 12 0 638 2263800 
0 0 199 639 1 4 12 0 639 2263900 
0 0 216 640 0 0 0 0 640 2264000 
0 0 199 641 1 4 12 0 641 2264100 
0 0 216 642 0 0 0 0 642 2264200 
4 12 199 643 0 0 0 1 643 2264300 
0 0 199 644 1 4 12 0 644 2264400 
0 0 216 645 0 0 0 0 645 2264500 
0 0 199 646 1 4 12 0 646 2264600 
0 0 199 647 1 4 12 0 647 2264700 
0 0 199 648 1 4 12 0 648 2264800 
0 0 199 649 1 4 12 0 649 2264900 
0 0 216 650 0 0 0 0 650 2265000 
0 0 216 651 0 0 0 0 651 2265100 
0 0 199 652 1 4 12 0 652 2265200 
0 0 199 653 1 4 12 0 653 2265300 
0 0 199 654 1 4 12 0 654 2265400 
0 0 216 655 0 0 0 0 655 2265500 
0 0 199 656 1 4 12 0 656 2265600 
0 0 199 657 1 4 12 0 657 2265700 
0 0 216 658 0 0 0 0 658 2265800 
0 0 199 659 1 4 12 0 659 2265900 
0 0 216 660 0 0 0 0 660 2266000 
0 0 199 661 1 4 12 0 661 2266100 
0 0 199 662 1 4 12 0 662 2266200 
0 0 216 663 0 0 0 0 663 2266300 
0 0 199 664 1 4 12 0 664 2266400 
0 0 199 665 1 4 12 0 665 2266500 
0 0 216 666 0 0 0 0 666 2266600 
0 0 216 667 0 0 0 0 667 2266700 
0 0 199 668 1 4 12 0 668 2266800 
0 0 216 669 0 0 0 0 669 2266900 
0 0 199 670 1 4 12 0 670 2267000 
0 0 199 671 1 4 12 0 671 2267100 
0 0 216 672 0 0 0 0 672 2267200 
0 0 199 673 1 4 12 0 673 2267300 
0 0 216 674 0 0 0 0 674 2267400 
0 0 199 675 1 4 12 0 675 2267500 
0 0 216 676 0 0 0 0 676 2267600 
0 0 199 677 1 4 12 0 677 2267700 
0 0 216 678 0 0 0 0 678 2267800 
0 0 199 679 1 4 12 0 679 2267900 
0 0 216 680 0 0 0 0 680 2268000 
0 0 216 681 0 0 0 0 681 2268100 
0 0 199 682 1 4 12 0 682 2268200 
0 0 216 683 0 0 0 0 683 2268300 
0 0 199 684 1 4 12 0 684 2268400 
0 0 216 685 0 0 0 0 685 2268500 
0 0 199 686 1 4 12 0 686 2268600 
0 0 216 687 0 0 0 0 687 2268700 
0 0 199 688 1 4 12 0 688 2268800 
0 0 216 689 0 0 0 0 689 2268900 
0 0 199 690 1 4 12 0 690 2269000 
0 0 216 691 0 0 0 0 691 2269100 
0 0 199 692 1 4 12 0 692 2269200 
0 0 199 693 1 4 12 0 693 2269300 
0 0 216 694 0 0 0 0 694 2269400 
0 0 199 695 1 4 12 0 695 2269500 
0 0 216 696 0 0 0 0 696 2269600 
0 0 216 697 0 0 0 0 697 2269700 
0 0 199 698 1 4 12 0 698 2269800 
0 0 199 699 1 4 12 0 699 2269900 
0 0 216 700 0 0 0 0 700 2270000 
0 0 199 701 1 4 12 0 701 2270100 
0 0 216 702 0 0 0 0 702 2270200 
0 0 216 703 0 0 0 0 703 2270300 
0 0 199 704 1 4 12 0 704 2270400 
0 0 216 705 0 0 0 0 705 2270500 
0 0 199 706 1 4 12 0 706 2270600 
0 0 199 707 1 4 12 0 707 2270700 
0 0 199 708 1 4 12 0 708 2270800 
0 0 199 709 1 4 12 0 709 2270900 
0 0 199 710 1 4 12 0 710 2271000 
0 0 216 711 0 0 0 0 711 2271100 
0 0 199 712 1 4 12 0 712 2271200 
0 0 216 713 0 0 0 0 713 2271300 
0 0 199 714 1 4 12 0 714 2271400 
0 0 199 715 1 4 12 0 715 2271500 
0 0 216 716 0 0 0 0 716 2271600 
0 0 216 717 0 0 0 0 717 2271700 
0 0 216 718 0 0 0 0 718 2271800 
0 0 199 719 1 4 12 0 719 2271900 
0 0 199 720 1 4 12 0 720 2272000 
0 0 199 721 1 4 12 0 721 2272100 
0 0 216 722 0 0 0 0 722 2272200 
0 0 199 723 1 4 12 0 723 2272300 
0 0 199 724 1 4 12 0 724 2272400 
0 0 199 725 1 4 12 0 725 2272500 
0 0 216 726 0 0 0 0 726 2272600 
0 0 216 727 0 0 0 0 727 2272700 
0 0 199 728 1 4 12 0 728 2272800 
0 0 199 729 1 4 12 0 729 2272900 
0 0 199 730 1 4 12 0 730 2273000 
0 0 199 731 1 4 12 0 731 2273100 
0 0 199 732 1 4 12 0 732 2273200 
0 0 216 733 0 0 0 0 733 2273300 
0 0 216 734 0 0 0 0 734 2273400 
0 0 199 735 1 4 12 0 735 2273500 
0 0 216 736 0 0 0 0 736 2273600 
0 0 199 737 1 4 12 0 737 2273700 
0 0 199 738 1 4 12 0 738 2273800 
0 0 216 739 0 0 0 0 739 2273900 
0 0 199 740 1 4 12 0 740 2274000 
0 0 199 741 1 4 12 0 741 2274100 
0 0 199 742 1 4 12 0 742 2274200 
0 0 216 743 0 0 0 0 743 2274300 
0 0 199 744 1 4 12 0 744 2274400 
0 0 216 745 0 0 0 0 745 2274500 
0 0 216 746 0 0 0 0 746 2274600 
0 0 199 747 1 4 12 0 747 2274700 
0 0 216 748 0 0 0 0 748 2274800 
0 0 199 749 1 4 12 0 749 2274900 
0 0 199 750 1 4 12 0 750 2275000 
0 0 199 751 1 4 12 0 751 2275100 
0 0 216 752 0 0 0 0 752 2275200 
0 0 216 753 0 0 0 0 753 2275300 
0 0 216 754 0 0 0 0 754 2275400 
0 0 216 755 0 0 0 0 755 2275500 
0 0 216 756 0 0 0 0 756 2275600 
0 0 216 757 0 0 0 0 757 2275700 
0 0 199 758 1 4 12 0 758 2275800 
0 0 199 759 1 4 12 0 759 2275900 
0 0 216 760 0 0 0 0 760 2276000 
0 0 199 761 1 4 12 0 761 2276100 
0 0 216 762 0 0 0 0 762 2276200 
0 0 216 763 0 0 0 0 763 2276300 
0 0 199 764 1 4 12 0 764 2276400 
0 0 199 765 1 4 12 0 765 2276500 
0 0 199 766 1 4 12 0 766 2276600 
0 0 199 767 1 4 12 0 767 2276700 
0 0 216 768 0 0 0 0 768 2276800 
0 0 199 769 1 4 12 0 769 2276900 
0 0 216 770 0 0 0 0 770 2277000 
0 0 199 771 1 4 12 0 771 2277100 
0 0 199 772 1 4 12 0 772 2277200 
0 0 216 773 0 0 0 0 773 2277300 
0 0 216 774 0 0 0 0 774 2277400 
0 0 216 775 0 0 0 0 775 2277500 
0 0 199 776 1 4 12 0 776 2277600 
0 0 199 777 1 4 12 0 777 2277700 
0 0 199 778 1 4 12 0 778 2277800 
0 0 199 779 1 4 12 0 779 2277900 
0 0 216 780 0 0 0 0 780 2278000 
0 0 216 781 0 0 0 0 781 2278100 
0 0 199 782 1 4 12 0 782 2278200 
0 0 199 783 1 4 12 0 783 2278300 
0 0 216 784 0 0 0 0 784 2278400 
0 0 216 785 0 0 0 0 785 2278500 
0 0 199 786 1 4 12 0 786 2278600 
0 0 199 787 1 4 12 0 787 2278700 
0 0 199 788 1 4 12 0 788 2278800 
0 0 216 789 0 0 0 0 789 2278900 
0 0 199 790 1 4 12 0 790 2279000 
4 12 182 791 1 4 12 1 791 2279100 
0 0 216 792 0 0 0 0 792 2279200 
0 0 216 793 0 0 0 0 793 2279300 
0 0 199 794 1 4 12 0 794 2279400 
0 0 199 795 1 4 12 0 795 2279500 
0 0 216 796 0 0 0 0 796 2279600 
0 0 216 797 0 0 0 0 797 2279700 
0 0 216 798 0 0 0 0 798 2279800 
0 0 199 799 1 4 12 0 799 2279900 
0 0 216 800 0 0 0 0 800 2280000 
4 12 182 801 1 4 12 1 801 2280100 
0 0 199 802 1 4 12 0 802 2280200 
0 0 199 803 1 4 12 0 803 2280300 
0 0 199 804 1 4 12 0 804 2280400 
0 0 216 805 0 0 0 0 805 2280500 
0 0 199 806 1 4 12 0 806 2280600 
0 0 199 807 1 4 12 0 807 2280700 
0 0 216 808 0 0 0 0 808 2280800 
0 0 199 809 1 4 12 0 809 2280900 
0 0 199 810 1 4 12 0 810 2281000 
0 0 199 811 1 4 12 0 811 2281100 
0 0 216 812 0 0 0 0 812 2281200 
0 0 216 813 0 0 0 0 813 2281300 
0 0 199 814 1 4 12 0 814 2281400 
0 0 216 815 0 0 0 0 815 2281500 
0 0 199 816 1 4 12 0 816 2281600 
0 0 216 817 0 0 0 0 817 2281700 
0 0 199 818 1 4 12 0 818 2281800 
0 0 216 819 0 0 0 0 819 2281900 
0 0 216 820 0 0 0 0 820 2282000 
0 0 199 821 1 4 12 0 821 2282100 
0 0 199 822 1 4 12 0 822 2282200 
0 0 199 823 1 4 12 0 823 2282300 
0 0 199 824 1 4 12 0 824 2282400 
0 0 199 825 1 4 12 0 825 2282500 
0 0 216 826 0 0 0 0 826 2282600 
0 0 199 827 1 4 12 0 827 2282700 
0 0 216 828 0 0 0 0 828 2282800 
0 0 216 829 0 0 0 0 829 2282900 
0 0 216 830 0 0 0 0 830 2283000 
0 0 216 831 0 0 0 0 831 2283100 
0 0 199 832 1 4 12 0 832 2283200 
0 0 216 833 0 0 0 0 833 2283300 
0 0 199 834 1 4 12 0 834 2283400 
0 0 216 835 0 0 0 0 835 2283500 
0 0 216 836 0 0 0 0 836 2283600 
0 0 199 837 1 4 12 0 837 2283700 
0 0 199 838 1 4 12 0 838 2283800 
0 0 216 839 0 0 0 0 839 2283900 
0 0 216 840 0 0 0 0 840 2284000 
0 0 199 841 1 4 12 0 841 2284100 
0 0 199 842 1 4 12 0 842 2284200 
0 0 199 843 1 4 12 0 843 2284300 
0 0 199 844 1 4 12 0 844 2284400 
0 0 216 845 0 0 0 0 845 2284500 
0 0 199 846 1 4 12 0 846 2284600 
0 0 216 847 0 0 0 0 847 2284700 
0 0 199 848 1 4 12 0 848 2284800 
0 0 199 849 1 4 12 0 849 2284900 
0 0 199 850 1 4 12 0 850 2285000 
0 0 216 851 0 0 0 0 851 2285100 
0 0 216 852 0 0 0 0 852 2285200 
0 0 199 853 1 4 12 0 853 2285300 
0 0 199 854 1 4 12 0 854 2285400 
0 0 199 855 1 4 12 0 855 2285500 
0 0 199 856 1 4 12 0 856 2285600 
0 0 199 857 1 4 12 0 857 2285700 
0 0 199 858 1 4 12 0 858 2285800 
4 12 199 859 0 0 0 1 859 2285900 
0 0 199 860 1 4 12 0 860 2286000 
0 0 216 861 0 0 0 0 861 2286100 
0 0 216 862 0 0 0 0 862 2286200 
0 0 199 863 1 4 12 0 863 2286300 
0 0 199 864 1 4 12 0 864 2286400 
0 0 216 865 0 0 0 0 865 2286500 
0 0 216 866 0 0 0 0 866 2286600 
0 0 199 867 1 4 12 0 867 2286700 
0 0 199 868 1 4 12 0 868 2286800 
0 0 216 869 0 0 0 0 869 2286900 
0 0 216 870 0 0 0 0 870 2287000 
0 0 199 871 1 4 12 0 871 2287100 
0 0 216 872 0 0 0 0 872 2287200 
0 0 216 873 0 0 0 0 873 2287300 
0 0 216 874 0 0 0 0 874 2287400 
0 0 199 875 1 4 12 0 875 2287500 
0 0 216 876 0 0 0 0 876 2287600 
0 0 216 877 0 0 0 0 877 2287700 
0 0 199 878 1 4 12 0 878 2287800 
0 0 216 879 0 0 0 0 879 2287900 
0 0 199 880 1 4 12 0 880 2288000 
0 0 199 881 1 4 12 0 881 2288100 
0 0 199 882 1 4 12 0 882 2288200 
0 0 216 883 0 0 0 0 883 2288300 
0 0 199 884 1 4 12 0 884 2288400 
0 0 199 885 1 4 12 0 885 2288500 
0 0 199 886 1 4 12 0 886 2288600 
0 0 199 887 1 4 12 0 887 2288700 
0 0 199 888 1 4 12 0 888 2288800 
0 0 216 889 0 0 0 0 889 2288900 
0 0 199 890 1 4 12 0 890 2289000 
0 0 216 891 0 0 0 0 891 2289100 
0 0 199 892 1 4 12 0 892 2289200 
0 0 216 893 0 0 0 0 893 2289300 
0 0 199 894 1 4 12 0 894 2289400 
0 0 199 895 1 4 12 0 895 2289500 
0 0 199 896 1 4 12 0 896 2289600 
0 0 199 897 1 4 12 0 897 2289700 
0 0 216 898 0 0 0 0 898 2289800 
0 0 199 899 1 4 12 0 899 2289900 
0 0 216 900 0 0 0 0 900 2290000 
0 0 216 901 0 0 0 0 901 2290100 
0 0 199 902 1 4 12 0 902 2290200 
0 0 199 903 1 4 12 0 903 2290300 
0 0 216 904 0 0 0 0 904 2290400 
0 0 216 905 0 0 0 0 905 2290500 
0 0 199 906 1 4 12 0 906 2290600 
0 0 199 907 1 4 12 0 907 2290700 
0 0 199 908 1 4 12 0 908 2290800 
0 0 216 909 0 0 0 0 909 2290900 
0 0 199 910 1 4 12 0 910 2291000 
0 0 216 911 0 0 0 0 911 2291100 
0 0 199 912 1 4 12 0 912 2291200 
0 0 216 913 0 0 0 0 913 2291300 
0 0 199 914 1 4 12 0 914 2291400 
0 0 216 915 0 0 0 0 915 2291500 
0 0 199 916 1 4 12 0 916 2291600 
0 0 216 917 0 0 0 0 917 2291700 
0 0 199 918 1 4 12 0 918 2291800 
0 0 216 919 0 0 0 0 919 2291900 
0 0 216 920 0 0 0 0 920 2292000 
0 0 199 921 1 4 12 0 921 2292100 
0 0 216 922 0 0 0 0 922 2292200 
0 0 216 923 0 0 0 0 923 2292300 
0 0 216 924 0 0 0 0 924 2292400 
0 0 216 925 0 0 0 0 925 2292500 
0 0 216 926 0 0 0 0 926 2292600 
0 0 199 927 1 4 12 0 927 2292700 
0 0 216 928 0 0 0 0 928 2292800 
0 0 216 929 0 0 0 0 929 2292900 
0 0 216 930 0 0 0 0 930 2293000 
0 0 199 931 1 4 12 0 931 2293100 
0 0 199 932 1 4 12 0 932 2293200 
0 0 199 933 1 4 12 0 933 2293300 
0 0 216 934 0 0 0 0 934 2293400 
0 0 199 935 1 4 12 0 935 2293500 
0 0 216 936 0 0 0 0 936 2293600 
0 0 199 937 1 4 12 0 937 2293700 
0 0 199 938 1 4 12 0 938 2293800 
0 0 199 939 1 4 12 0 939 2293900 
0 0 199 940 1 4 12 0 940 2294000 
0 0 199 941 1 4 12 0 941 2294100 
0 0 199 942 1 4 12 0 942 2294200 
0 0 199 943 1 4 12 0 943 2294300 
0 0 199 944 1 4 12 0 944 2294400 
0 0 216 945 0 0 0 0 945 2294500 
0 0 216 946 0 0 0 0 946 2294600 
0 0 199 947 1 4 12 0 947 2294700 
4 12 199 948 0 0 0 1 948 2294800 
0 0 199 949 1 4 12 0 949 2294900 
0 0 216 950 0 0 0 0 950 2295000 
0 0 216 951 0 0 0 0 951 2295100 
0 0 199 952 1 4 12 0 952 2295200 
0 0 216 953 0 0 0 0 953 2295300 
0 0 199 954 1 4 12 0 954 2295400 
0 0 216 955 0 0 0 0 955 2295500 
0 0 216 956 0 0 0 0 956 2295600 
0 0 199 957 1 4 12 0 957 2295700 
0 0 216 958 0 0 0 0 958 2295800 
0 0 199 959 1 4 12 0 959 2295900 
0 0 199 960 1 4 12 0 960 2296000 
0 0 199 961 1 4 12 0 961 2296100 
0 0 216 962 0 0 0 0 962 2296200 
0 0 199 963 1 4 12 0 963 2296300 
0 0 199 964 1 4 12 0 964 2296400 
0 0 216 965 0 0 0 0 965 2296500 
0 0 199 966 1 4 12 0 966 2296600 
0 0 199 967 1 4 12 0 967 2296700 
0 0 199 968 1 4 12 0 968 2296800 
0 0 199 969 1 4 12 0 969 2296900 
0 0 199 970 1 4 12 0 970 2297000 
0 0 216 971 0 0 0 0 971 2297100 
0 0 216 972 0 0 0 0 972 2297200 
0 0 199 973 1 4 12 0 973 2297300 
0 0 216 974 0 0 0 0 974 2297400 
0 0 199 975 1 4 12 0 975 2297500 
0 0 199 976 1 4 12 0 976 2297600 
0 0 199 977 1 4 12 0 977 2297700 
0 0 199 978 1 4 12 0 978 2297800 
0 0 199 979 1 4 12 0 979 2297900 
0 0 199 980 1 4 12 0 980 2298000 
0 0 216 981 0 0 0 0 981 2298100 
0 0 199 982 1 4 12 0 982 2298200 
0 0 199 983 1 4 12 0 983 2298300 
0 0 216 984 0 0 0 0 984 2298400 
0 0 199 985 1 4 12 0 985 2298500 
0 0 216 986 0 0 0 0 986 2298600 
0 0 199 987 1 4 12 0 987 2298700 
0 0 216 988 0 0 0 0 988 2298800 
0 0 216 989 0 0 0 0 989 2298900 
0 0 199 990 1 4 12 0 990 2299000 
0 0 216 991 0 0 0 0 991 2299100 
0 0 216 992 0 0 0 0 992 2299200 
0 0 199 993 1 4 12 0 993 2299300 
0 0 199 994 1 4 12 0 994 2299400 
0 0 216 995 0 0 0 0 995 2299500 
0 0 216 996 0 0 0 0 996 2299600 
0 0 216 997 0 0 0 0 997 2299700 
0 0 216 998 0 0 0 0 998 2299800 
0 0 199 999 1 4 12 0 999 2299900 
0 0 199 1000 1 4 12 0 1000 2300000 
0 0 199 1001 1 4 12 0 1001 2300100 
0 0 216 1002 0 0 0 0 1002 2300200 
0 0 216 1003 0 0 0 0 1003 2300300 
0 0 199 1004 1 4 12 0 1004 2300400 
0 0 216 1005 0 0 0 0 1005 2300500 
4 12 182 1006 1 4 12 1 1006 2300600 
0 0 216 1007 0 0 0 0 1007 2300700 
0 0 216 1008 0 0 0 0 1008 2300800 
0 0 216 1009 0 0 0 0 1009 2300900 
0 0 199 1010 1 4 12 0 1010 2301000 
0 0 199 1011 1 4 12 0 1011 2301100 
0 0 216 1012 0 0 0 0 1012 2301200 
4 12 182 1013 1 4 12 1 1013 2301300 
0 0 199 1014 1 4 12 0 1014 2301400 
0 0 216 1015 0 0 0 0 1015 2301500 
0 0 216 1016 0 0 0 0 1016 2301600 
0 0 199 1017 1 4 12 0 1017 2301700 
0 0 216 1018 0 0 0 0 1018 2301800 
0 0 199 1019 1 4 12 0 1019 2301900 
0 0 199 1020 1 4 12 0 1020 2302000 
0 0 199 1021 1 4 12 0 1021 2302100 
0 0 199 1022 1 4 12 0 1022 2302200 
0 0 216 1023 0 0 0 0 1023 2302300 
0 0 216 1024 0 0 0 0 1024 2302400 
0 0 199 1025 1 4 12 0 1025 2302500 
0 0 216 1026 0 0 0 0 1026 2302600 
0 0 216 1027 0 0 0 0 1027 2302700 
0 0 216 1028 0 0 0 0 1028 2302800 
0 0 216 1029 0 0 0 0 1029 2302900 
0 0 216 1030 0 0 0 0 1030 2303000 
0 0 216 1031 0 0 0 0 1031 2303100 
0 0 216 1032 0 0 0 0 1032 2303200 
0 0 199 1033 1 4 12 0 1033 2303300 
0 0 216 1034 0 0 0 0 1034 2303400 
0 0 199 1035 1 4 12 0 1035 2303500 
0 0 199 1036 1 4 12 0 1036 2303600 
0 0 216 1037 0 0 0 0 1037 2303700 
0 0 199 1038 1 4 12 0 1038 2303800 
0 0 199 1039 1 4 12 0 1039 2303900 
0 0 199 1040 1 4 12 0 1040 2304000 
0 0 216 1041 0 0 0 0 1041 2304100 
0 0 199 1042 1 4 12 0 1042 2304200 
0 0 216 1043 0 0 0 0 1043 2304300 
0 0 216 1044 0 0 0 0 1044 2304400 
0 0 216 1045 0 0 0 0 1045 2304500 
0 0 199 1046 1 4 12 0 1046 2304600 
0 0 216 1047 0 0 0 0 1047 2304700 
0 0 216 1048 0 0 0 0 1048 2304800 
0 0 216 1049 0 0 0 0 1049 2304900 
0 0 199 1050 1 4 12 0 1050 2305000 
0 0 216 1051 0 0 0 0 1051 2305100 
0 0 199 1052 1 4 12 0 1052 2305200 
0 0 199 1053 1 4 12 0 1053 2305300 
0 0 216 1054 0 0 0 0 1054 2305400 
0 0 216 1055 0 0 0 0 1055 2305500 
0 0 199 1056 1 4 12 0 1056 2305600 
0 0 216 1057 0 0 0 0 1057 2305700 
0 0 199 1058 1 4 12 0 1058 2305800 
0 0 216 1059 0 0 0 0 1059 2305900 
0 0 216 1060 0 0 0 0 1060 2306000 
0 0 199 1061 1 4 12 0 1061 2306100 
0 0 216 1062 0 0 0 0 1062 2306200 
0 0 216 1063 0 0 0 0 1063 2306300 
0 0 216 1064 0 0 0 0 1064 2306400 
0 0 199 1065 1 4 12 0 1065 2306500 
0 0 216 1066 0 0 0 0 1066 2306600 
0 0 199 1067 1 4 12 0 1067 2306700 
0 0 216 1068 0 0 0 0 1068 2306800 
0 0 216 1069 0 0 0 0 1069 2306900 
0 0 199 1070 1 4 12 0 1070 2307000 
0 0 199 1071 1 4 12 0 1071 2307100 
0 0 216 1072 0 0 0 0 1072 2307200 
0 0 199 1073 1 4 12 0 1073 2307300 
0 0 216 1074 0 0 0 0 1074 2307400 
0 0 199 1075 1 4 12 0 1075 2307500 
0 0 216 1076 0 0 0 0 1076 2307600 
0 0 216 1077 0 0 0 0 1077 2307700 
0 0 199 1078 1 4 12 0 1078 2307800 
0 0 216 1079 0 0 0 0 1079 2307900 
4 12 182 1080 1 4 12 1 1080 2308000 
0 0 199 1081 1 4 12 0 1081 2308100 
0 0 199 1082 1 4 12 0 1082 2308200 
0 0 199 1083 1 4 12 0 1083 2308300 
0 0 199 1084 1 4 12 0 1084 2308400 
0 0 199 1085 1 4 12 0 1085 2308500 
0 0 216 1086 0 0 0 0 1086 2308600 
0 0 199 1087 1 4 12 0 1087 2308700 
0 0 199 1088 1 4 12 0 1088 2308800 
0 0 216 1089 0 0 0 0 1089 2308900 
0 0 199 1090 1 4 12 0 1090 2309000 
0 0 199 1091 1 4 12 0 1091 2309100 
0 0 216 1092 0 0 0 0 1092 2309200 
0 0 216 1093 0 0 0 0 1093 2309300 
0 0 216 1094 0 0 0 0 1094 2309400 
0 0 216 1095 0 0 0 0 1095 2309500 
0 0 216 1096 0 0 0 0 1096 2309600 
0 0 199 1097 1 4 12 0 1097 2309700 
0 0 199 1098 1 4 12 0 1098 2309800 
0 0 199 1099 1 4 12 0 1099 2309900 
0 0 199 1100 1 4 12 0 1100 2310000 
4 12 182 1101 1 4 12 1 1101 2310100 
0 0 216 1102 0 0 0 0 1102 2310200 
0 0 216 1103 0 0 0 0 1103 2310300 
4 11 184 1104 1 4 11 1 1104 2310400 
0 0 199 1105 1 4 12 0 1105 2310500 
0 0 216 1106 0 0 0 0 1106 2310600 
4 12 182 1107 1 4 12 1 1107 2310700 
0 0 199 1108 1 4 12 0 1108 2310800 
0 0 216 1109 0 0 0 0 1109 2310900 
0 0 199 1110 1 4 12 0 1110 2311000 
0 0 216 1111 0 0 0 0 1111 2311100 
0 0 216 1112 0 0 0 0 1112 2311200 
0 0 199 1113 1 4 12 0 1113 2311300 
0 0 216 1114 0 0 0 0 1114 2311400 
0 0 216 1115 0 0 0 0 1115 2311500 
0 0 199 1116 1 4 12 0 1116 2311600 
0 0 216 1117 0 0 0 0 1117 2311700 
0 0 199 1118 1 4 12 0 1118 2311800 
0 0 199 1119 1 4 12 0 1119 2311900 
0 0 216 1120 0 0 0 0 1120 2312000 
0 0 199 1121 1 4 12 0 1121 2312100 
0 0 216 1122 0 0 0 0 1122 2312200 
0 0 199 1123 1 4 12 0 1123 2312300 
0 0 199 1124 1 4 12 0 1124 2312400 
0 0 216 1125 0 0 0 0 1125 2312500 
0 0 199 1126 1 4 12 0 1126 2312600 
0 0 216 1127 0 0 0 0 1127 2312700 
0 0 199 1128 1 4 12 0 1128 2312800 
0 0 216 1129 0 0 0 0 1129 2312900 
0 0 216 1130 0 0 0 0 1130 2313000 
0 0 199 1131 1 4 12 0 1131 2313100 
0 0 216 1132 0 0 0 0 1132 2313200 
0 0 199 1133 1 4 12 0 1133 2313300 
0 0 216 1134 0 0 0 0 1134 2313400 
0 0 216 1135 0 0 0 0 1135 2313500 
0 0 199 1136 1 4 12 0 1136 2313600 
0 0 199 1137 1 4 12 0 1137 2313700 
0 0 216 1138 0 0 0 0 1138 2313800 
0 0 216 1139 0 0 0 0 1139 2313900 
0 0 199 1140 1 4 12 0 1140 2314000 
0 0 216 1141 0 0 0 0 1141 2314100 
0 0 216 1142 0 0 0 0 1142 2314200 
0 0 199 1143 1 4 12 0 1143 2314300 
0 0 216 1144 0 0 0 0 1144 2314400 
0 0 216 1145 0 0 0 0 1145 2314500 
0 0 216 1146 0 0 0 0 1146 2314600 
0 0 199 1147 1 4 12 0 1147 2314700 
0 0 216 1148 0 0 0 0 1148 2314800 
0 0 216 1149 0 0 0 0 1149 2314900 
0 0 199 1150 1 4 12 0 1150 2315000 
0 0 216 1151 0 0 0 0 1151 2315100 
0 0 199 1152 1 4 12 0 1152 2315200 
0 0 199 1153 1 4 12 0 1153 2315300 
0 0 199 1154 1 4 12 0 1154 2315400 
0 0 199 1155 1 4 12 0 1155 2315500 
0 0 199 1156 1 4 12 0 1156 2315600 
0 0 199 1157 1 4 12 0 1157 2315700 
0 0 216 1158 0 0 0 0 1158 2315800 
0 0 216 1159 0 0 0 0 1159 2315900 
0 0 199 1160 1 4 12 0 1160 2316000 
0 0 216 1161 0 0 0 0 1161 2316100 
0 0 199 1162 1 4 12 0 1162 2316200 
0 0 199 1163 1 4 12 0 1163 2316300 
0 0 199 1164 1 4 12 0 1164 2316400 
0 0 216 1165 0 0 0 0 1165 2316500 
4 12 199 1166 0 0 0 1 1166 2316600 
0 0 216 1167 0 0 0 0 1167 2316700 
0 0 199 1168 1 4 12 0 1168 2316800 
0 0 216 1169 0 0 0 0 1169 2316900 
0 0 199 1170 1 4 12 0 1170 2317000 
0 0 216 1171 0 0 0 0 1171 2317100 
0 0 199 1172 1 4 12 0 1172 2317200 
0 0 216 1173 0 0 0 0 1173 2317300 
0 0 199 1174 1 4 12 0 1174 2317400 
0 0 199 1175 1 4 12 0 1175 2317500 
0 0 216 1176 0 0 0 0 1176 2317600 
0 0 216 1177 0 0 0 0 1177 2317700 
0 0 199 1178 1 4 12 0 1178 2317800 
0 0 199 1179 1 4 12 0 1179 2317900 
0 0 216 1180 0 0 0 0 1180 2318000 
0 0 199 1181 1 4 12 0 1181 2318100 
0 0 216 1182 0 0 0 0 1182 2318200 
0 0 216 1183 0 0 0 0 1183 2318300 
0 0 199 1184 1 4 12 0 1184 2318400 
0 0 199 1185 1 4 12 0 1185 2318500 
0 0 199 1186 1 4 12 0 1186 2318600 
4 12 199 1187 0 0 0 1 1187 2318700 
0 0 199 1188 1 4 12 0 1188 2318800 
0 0 216 1189 0 0 0 0 1189 2318900 
0 0 216 1190 0 0 0 0 1190 2319000 
0 0 216 1191 0 0 0 0 1191 2319100 
0 0 199 1192 1 4 12 0 1192 2319200 
0 0 216 1193 0 0 0 0 1193 2319300 
0 0 216 1194 0 0 0 0 1194 2319400 
4 12 182 1195 1 4 12 1 1195 2319500 
0 0 199 1196 1 4 12 0 1196 2319600 
0 0 199 1197 1 4 12 0 1197 2319700 
0 0 216 1198 0 0 0 0 1198 2319800 
0 0 216 1199 0 0 0 0 1199 2319900 
0 0 199 1200 1 4 12 0 1200 2320000 
0 0 216 1201 0 0 0 0 1201 2320100 
0 0 216 1202 0 0 0 0 1202 2320200 
0 0 199 1203 1 4 12 0 1203 2320300 
0 0 216 1204 0 0 0 0 1204 2320400 
0 0 216 1205 0 0 0 0 1205 2320500 
0 0 199 1206 1 4 12 0 1206 2320600 
0 0 199 1207 1 4 12 0 1207 2320700 
0 0 199 1208 1 4 12 0 1208 2320800 
0 0 199 1209 1 4 12 0 1209 2320900 
0 0 199 1210 1 4 12 0 1210 2321000 
0 0 199 1211 1 4 12 0 1211 2321100 
0 0 199 1212 1 4 12 0 1212 2321200 
0 0 199 1213 1 4 12 0 1213 2321300 
0 0 216 1214 0 0 0 0 1214 2321400 
0 0 216 1215 0 0 0 0 1215 2321500 
0 0 216 1216 0 0 0 0 1216 2321600 
0 0 199 1217 1 4 12 0 1217 2321700 
0 0 216 1218 0 0 0 0 1218 2321800 
0 0 199 1219 1 4 12 0 1219 2321900 
0 0 199 1220 1 4 12 0 1220 2322000 
0 0 216 1221 0 0 0 0 1221 2322100 
0 0 199 1222 1 4 12 0 1222 2322200 
0 0 216 1223 0 0 0 0 1223 2322300 
0 0 199 1224 1 4 12 0 1224 2322400 
0 0 199 1225 1 4 12 0 1225 2322500 
0 0 216 1226 0 0 0 0 1226 2322600 
0 0 199 1227 1 4 12 0 1227 2322700 
0 0 199 1228 1 4 12 0 1228 2322800 
0 0 216 1229 0 0 0 0 1229 2322900 
0 0 216 1230 0 0 0 0 1230 2323000 
0 0 216 1231 0 0 0 0 1231 2323100 
0 0 199 1232 1 4 12 0 1232 2323200 
0 0 216 1233 0 0 0 0 1233 2323300 
0 0 199 1234 1 4 12 0 1234 2323400 
0 0 199 1235 1 4 12 0 1235 2323500 
0 0 199 1236 1 4 12 0 1236 2323600 
0 0 199 1237 1 4 12 0 1237 2323700 
0 0 199 1238 1 4 12 0 1238 2323800 
0 0 216 1239 0 0 0 0 1239 2323900 
0 0 199 1240 1 4 12 0 1240 2324000 
0 0 216 1241 0 0 0 0 1241 2324100 
0 0 216 1242 0 0 0 0 1242 2324200 
0 0 199 1243 1 4 12 0 1243 2324300 
0 0 216 1244 0 0 0 0 1244 2324400 
0 0 216 1245 0 0 0 0 1245 2324500 
0 0 216 1246 0 0 0 0 1246 2324600 
0 0 199 1247 1 4 12 0 1247 2324700 
0 0 216 1248 0 0 0 0 1248 2324800 
0 0 199 1249 1 4 12 0 1249 2324900 
0 0 199 1250 1 4 12 0 1250 2325000 
0 0 199 1251 1 4 12 0 1251 2325100 
0 0 199 1252 1 4 12 0 1252 2325200 
0 0 199 1253 1 4 12 0 1253 2325300 
0 0 216 1254 0 0 0 0 1254 2325400 
0 0 216 1255 0 0 0 0 1255 2325500 
0 0 199 1256 1 4 12 0 1256 2325600 
0 0 199 1257 1 4 12 0 1257 2325700 
0 0 216 1258 0 0 0 0 1258 2325800 
0 0 216 1259 0 0 0 0 1259 2325900 
0 0 199 1260 1 4 12 0 1260 2326000 
0 0 199 1261 1 4 12 0 1261 2326100 
0 0 216 1262 0 0 0 0 1262 2326200 
0 0 199 1263 1 4 12 0 1263 2326300 
0 0 216 1264 0 0 0 0 1264 2326400 
0 0 216 1265 0 0 0 0 1265 2326500 
0 0 216 1266 0 0 0 0 1266 2326600 
0 0 216 1267 0 0 0 0 1267 2326700 
0 0 216 1268 0 0 0 0 1268 2326800 
0 0 216 1269 0 0 0 0 1269 2326900 
0 0 216 1270 0 0 0 0 1270 2327000 
0 0 216 1271 0 0 0 0 1271 2327100 
0 0 216 1272 0 0 0 0 1272 2327200 
0 0 199 1273 1 4 12 0 1273 2327300 
0 0 216 1274 0 0 0 0 1274 2327400 
0 0 199 1275 1 4 12 0 1275 2327500 
0 0 216 1276 0 0 0 0 1276 2327600 
0 0 199 1277 1 4 12 0 1277 2327700 
0 0 216 1278 0 0 0 0 1278 2327800 
0 0 199 1279 1 4 12 0 1279 2327900 
0 0 216 1280 0 0 0 0 1280 2328000 
0 0 216 1281 0 0 0 0 1281 2328100 
0 0 216 1282 0 0 0 0 1282 2328200 
0 0 216 1283 0 0 0 0 1283 2328300 
0 0 216 1284 0 0 0 0 1284 2328400 
0 0 199 1285 1 4 12 0 1285 2328500 
4 12 199 1286 0 0 0 1 1286 2328600 
0 0 216 1287 0 0 0 0 1287 2328700 
0 0 199 1288 1 4 12 0 1288 2328800 
0 0 216 1289 0 0 0 0 1289 2328900 
0 0 199 1290 1 4 12 0 1290 2329000 
0 0 199 1291 1 4 12 0 1291 2329100 
0 0 199 1292 1 4 12 0 1292 2329200 
0 0 199 1293 1 4 12 0 1293 2329300 
0 0 216 1294 0 0 0 0 1294 2329400 
0 0 216 1295 0 0 0 0 1295 2329500 
0 0 216 1296 0 0 0 0 1296 2329600 
0 0 216 1297 0 0 0 0 1297 2329700 
0 0 199 1298 1 4 12 0 1298 2329800 
0 0 216 1299 0 0 0 0 1299 2329900 
0 0 199 1300 1 4 12 0 1300 2330000 
0 0 216 1301 0 0 0 0 1301 2330100 
0 0 199 1302 1 4 12 0 1302 2330200 
0 0 199 1303 1 4 12 0 1303 2330300 
0 0 216 1304 0 0 0 0 1304 2330400 
0 0 199 1305 1 4 12 0 1305 2330500 
0 0 199 1306 1 4 12 0 1306 2330600 
0 0 216 1307 0 0 0 0 1307 2330700 
0 0 216 1308 0 0 0 0 1308 2330800 
0 0 199 1309 1 4 12 0 1309 2330900 
0 0 199 1310 1 4 12 0 1310 2331000 
0 0 216 1311 0 0 0 0 1311 2331100 
0 0 199 1312 1 4 12 0 1312 2331200 
0 0 216 1313 0 0 0 0 1313 2331300 
0 0 199 1314 1 4 12 0 1314 2331400 
0 0 216 1315 0 0 0 0 1315 2331500 
0 0 199 1316 1 4 12 0 1316 2331600 
0 0 199 1317 1 4 12 0 1317 2331700 
0 0 216 1318 0 0 0 0 1318 2331800 
0 0 199 1319 1 4 12 0 1319 2331900 
4 12 199 1320 0 0 0 1 1320 2332000 
0 0 216 1321 0 0 0 0 1321 2332100 
0 0 216 1322 0 0 0 0 1322 2332200 
0 0 216 1323 0 0 0 0 1323 2332300 
0 0 216 1324 0 0 0 0 1324 2332400 
0 0 199 1325 1 4 12 0 1325 2332500 
0 0 216 1326 0 0 0 0 1326 2332600 
0 0 199 1327 1 4 12 0 1327 2332700 
0 0 199 1328 1 4 12 0 1328 2332800 
0 0 199 1329 1 4 12 0 1329 2332900 
0 0 216 1330 0 0 0 0 1330 2333000 
0 0 199 1331 1 4 12 0 1331 2333100 
0 0 199 1332 1 4 12 0 1332 2333200 
0 0 216 1333 0 0 0 0 1333 2333300 
0 0 199 1334 1 4 12 0 1334 2333400 
0 0 199 1335 1 4 12 0 1335 2333500 
0 0 199 1336 1 4 12 0 1336 2333600 
0 0 216 1337 0 0 0 0 1337 2333700 
0 0 216 1338 0 0 0 0 1338 2333800 
0 0 199 1339 1 4 12 0 1339 2333900 
0 0 199 1340 1 4 12 0 1340 2334000 
0 0 199 1341 1 4 12 0 1341 2334100 
0 0 199 1342 1 4 12 0 1342 2334200 
0 0 216 1343 0 0 0 0 1343 2334300 
0 0 216 1344 0 0 0 0 1344 2334400 
0 0 199 1345 1 4 12 0 1345 2334500 
0 0 199 1346 1 4 12 0 1346 2334600 
0 0 216 1347 0 0 0 0 1347 2334700 
0 0 216 1348 0 0 0 0 1348 2334800 
0 0 199 1349 1 4 12 0 1349 2334900 
0 0 216 1350 0 0 0 0 1350 2335000 
0 0 216 1351 0 0 0 0 1351 2335100 
0 0 199 1352 1 4 12 0 1352 2335200 
0 0 216 1353 0 0 0 0 1353 2335300 
4 12 182 1354 1 4 12 1 1354 2335400 
0 0 199 1355 1 4 12 0 1355 2335500 
0 0 216 1356 0 0 0 0 1356 2335600 
0 0 199 1357 1 4 12 0 1357 2335700 
0 0 216 1358 0 0 0 0 1358 2335800 
0 0 199 1359 1 4 12 0 1359 2335900 
0 0 199 1360 1 4 12 0 1360 2336000 
0 0 216 1361 0 0 0 0 1361 2336100 
0 0 216 1362 0 0 0 0 1362 2336200 
0 0 199 1363 1 4 12 0 1363 2336300 
0 0 216 1364 0 0 0 0 1364 2336400 
0 0 216 1365 0 0 0 0 1365 2336500 
0 0 199 1366 1 4 12 0 1366 2336600 
0 0 216 1367 0 0 0 0 1367 2336700 
0 0 199 1368 1 4 12 0 1368 2336800 
0 0 199 1369 1 4 12 0 1369 2336900 
0 0 199 1370 1 4 12 0 1370 2337000 
0 0 199 1371 1 4 12 0 1371 2337100 
0 0 199 1372 1 4 12 0 1372 2337200 
0 0 199 1373 1 4 12 0 1373 2337300 
0 0 216 1374 0 0 0 0 1374 2337400 
0 0 216 1375 0 0 0 0 1375 2337500 
0 0 199 1376 1 4 12 0 1376 2337600 
0 0 199 1377 1 4 12 0 1377 2337700 
0 0 199 1378 1 4 12 0 1378 2337800 
0 0 199 1379 1 4 12 0 1379 2337900 
0 0 199 1380 1 4 12 0 1380 2338000 
0 0 216 1381 0 0 0 0 1381 2338100 
0 0 199 1382 1 4 12 0 1382 2338200 
0 0 199 1383 1 4 12 0 1383 2338300 
0 0 216 1384 0 0 0 0 1384 2338400 
0 0 216 1385 0 0 0 0 1385 2338500 
0 0 199 1386 1 4 12 0 1386 2338600 
0 0 216 1387 0 0 0 0 1387 2338700 
0 0 199 1388 1 4 12 0 1388 2338800 
0 0 199 1389 1 4 12 0 1389 2338900 
0 0 216 1390 0 0 0 0 1390 2339000 
0 0 199 1391 1 4 12 0 1391 2339100 
0 0 216 1392 0 0 0 0 1392 2339200 
0 0 216 1393 0 0 0 0 1393 2339300 
0 0 199 1394 1 4 12 0 1394 2339400 
0 0 216 1395 0 0 0 0 1395 2339500 
0 0 199 1396 1 4 12 0 1396 2339600 
0 0 199 1397 1 4 12 0 1397 2339700 
0 0 199 1398 1 4 12 0 1398 2339800 
0 0 199 1399 1 4 12 0 1399 2339900 
0 0 199 1400 1 4 12 0 1400 2340000 
0 0 199 1401 1 4 12 0 1401 2340100 
0 0 199 1402 1 4 12 0 1402 2340200 
0 0 216 1403 0 0 0 0 1403 2340300 
0 0 199 1404 1 4 12 0 1404 2340400 
0 0 216 1405 0 0 0 0 1405 2340500 
0 0 199 1406 1 4 12 0 1406 2340600 
0 0 199 1407 1 4 12 0 1407 2340700 
0 0 199 1408 1 4 12 0 1408 2340800 
0 0 199 1409 1 4 12 0 1409 2340900 
0 0 199 1410 1 4 12 0 1410 2341000 
0 0 216 1411 0 0 0 0 1411 2341100 
0 0 216 1412 0 0 0 0 1412 2341200 
0 0 216 1413 0 0 0 0 1413 2341300 
0 0 199 1414 1 4 12 0 1414 2341400 
0 0 216 1415 0 0 0 0 1415 2341500 
0 0 216 1416 0 0 0 0 1416 2341600 
0 0 216 1417 0 0 0 0 1417 2341700 
4 12 199 1418 0 0 0 1 1418 2341800 
0 0 199 1419 1 4 12 0 1419 2341900 
0 0 199 1420 1 4 12 0 1420 2342000 
0 0 216 1421 0 0 0 0 1421 2342100 
0 0 199 1422 1 4 12 0 1422 2342200 
0 0 216 1423 0 0 0 0 1423 2342300 
0 0 216 1424 0 0 0 0 1424 2342400 
0 0 199 1425 1 4 12 0 1425 2342500 
0 0 199 1426 1 4 12 0 1426 2342600 
0 0 199 1427 1 4 12 0 1427 2342700 
0 0 216 1428 0 0 0 0 1428 2342800 
0 0 199 1429 1 4 12 0 1429 2342900 
0 0 199 1430 1 4 12 0 1430 2343000 
0 0 216 1431 0 0 0 0 1431 2343100 
0 0 199 1432 1 4 12 0 1432 2343200 
0 0 216 1433 0 0 0 0 1433 2343300 
0 0 216 1434 0 0 0 0 1434 2343400 
0 0 199 1435 1 4 12 0 1435 2343500 
0 0 199 1436 1 4 12 0 1436 2343600 
0 0 199 1437 1 4 12 0 1437 2343700 
0 0 199 1438 1 4 12 0 1438 2343800 
0 0 199 1439 1 4 12 0 1439 2343900 
0 0 199 1440 1 4 12 0 1440 2344000 
0 0 199 1441 1 4 12 0 1441 2344100 
0 0 199 1442 1 4 12 0 1442 2344200 
0 0 199 1443 1 4 12 0 1443 2344300 
0 0 199 1444 1 4 12 0 1444 2344400 
0 0 216 1445 0 0 0 0 1445 2344500 
0 0 216 1446 0 0 0 0 1446 2344600 
0 0 216 1447 0 0 0 0 1447 2344700 
0 0 199 1448 1 4 12 0 1448 2344800 
0 0 199 1449 1 4 12 0 1449 2344900 
0 0 216 1450 0 0 0 0 1450 2345000 
0 0 216 1451 0 0 0 0 1451 2345100 
0 0 199 1452 1 4 12 0 1452 2345200 
0 0 199 1453 1 4 12 0 1453 2345300 
0 0 216 1454 0 0 0 0 1454 2345400 
0 0 199 1455 1 4 12 0 1455 2345500 
0 0 199 1456 1 4 12 0 1456 2345600 
0 0 216 1457 0 0 0 0 1457 2345700 
0 0 199 1458 1 4 12 0 1458 2345800 
0 0 199 1459 1 4 12 0 1459 2345900 
0 0 199 1460 1 4 12 0 1460 2346000 
4 12 182 1461 1 4 12 1 1461 2346100 
0 0 199 1462 1 4 12 0 1462 2346200 
0 0 199 1463 1 4 12 0 1463 2346300 
0 0 216 1464 0 0 0 0 1464 2346400 
0 0 199 1465 1 4 12 0 1465 2346500 
0 0 199 1466 1 4 12 0 1466 2346600 
0 0 199 1467 1 4 12 0 1467 2346700 
0 0 216 1468 0 0 0 0 1468 2346800 
0 0 216 1469 0 0 0 0 1469 2346900 
0 0 199 1470 1 4 12 0 1470 2347000 
0 0 216 1471 0 0 0 0 1471 2347100 
0 0 199 1472 1 4 12 0 1472 2347200 
0 0 199 1473 1 4 12 0 1473 2347300 
0 0 216 1474 0 0 0 0 1474 2347400 
0 0 199 1475 1 4 12 0 1475 2347500 
0 0 216 1476 0 0 0 0 1476 2347600 
0 0 216 1477 0 0 0 0 1477 2347700 
0 0 199 1478 1 4 12 0 1478 2347800 
0 0 216 1479 0 0 0 0 1479 2347900 
0 0 216 1480 0 0 0 0 1480 2348000 
0 0 199 1481 1 4 12 0 1481 2348100 
0 0 199 1482 1 4 12 0 1482 2348200 
0 0 216 1483 0 0 0 0 1483 2348300 
0 0 216 1484 0 0 0 0 1484 2348400 
0 0 199 1485 1 4 12 0 1485 2348500 
0 0 216 1486 0 0 0 0 1486 2348600 
0 0 199 1487 1 4 12 0 1487 2348700 
0 0 216 1488 0 0 0 0 1488 2348800 
0 0 199 1489 1 4 12 0 1489 2348900 
0 0 216 1490 0 0 0 0 1490 2349000 
0 0 216 1491 0 0 0 0 1491 2349100 
0 0 199 1492 1 4 12 0 1492 2349200 
0 0 216 1493 0 0 0 0 1493 2349300 
0 0 199 1494 1 4 12 0 1494 2349400 
0 0 216 1495 0 0 0 0 1495 2349500 
0 0 216 1496 0 0 0 0 1496 2349600 
0 0 216 1497 0 0 0 0 1497 2349700 
0 0 199 1498 1 4 12 0 1498 2349800 
0 0 199 1499 1 4 12 0 1499 2349900 
0 0 216 1500 0 0 0 0 1500 2350000 
