# Radius(A)    g_rdf_hold_216_22    g_hold_P26_rdf_216    g_hold_pruned1_rdf_216    g_hold_pruned2_rdf_216    g_hold_pruned3_rdf_216
      0.0400       0.0000       0.0000       0.0000       0.0000       0.0000
      0.1200       0.0000       0.0000       0.0000       0.0000       0.0000
      0.2000       0.0000       0.0000       0.0000       0.0000       0.0000
      0.2800       0.0000       0.0000       0.0000       0.0000       0.0000
      0.3600       0.0000       0.0000       0.0000       0.0000       0.0000
      0.4400       0.0000       0.0000       0.0000       0.0000       0.0000
      0.5200       0.0000       0.0000       0.0000       0.0000       0.0000
      0.6000       0.0000       0.0000       0.0000       0.0000       0.0000
      0.6800       0.0000       0.0000       0.0000       0.0000       0.0000
      0.7600       0.0000       0.0000       0.0000       0.0000       0.0000
      0.8400       0.0000       0.0000       0.0000       0.0000       0.0000
      0.9200       0.0000       0.0000       0.0000       0.0000       0.0000
      1.0000       0.0000       0.0000       0.0000       0.0000       0.0000
      1.0800       0.0000       0.0000       0.0000       0.0000       0.0000
      1.1600       0.0000       0.0000       0.0000       0.0000       0.0000
      1.2400       0.0000       0.0000       0.0000       0.0000       0.0000
      1.3200       0.0000       0.0000       0.0000       0.0000       0.0000
      1.4000       0.0000       0.0000       0.0000       0.0000       0.0000
      1.4800       0.0000       0.0000       0.0000       0.0000       0.0000
      1.5600       0.0000       0.0000       0.0000       0.0000       0.0000
      1.6400       0.0000       0.0000       0.0000       0.0000       0.0000
      1.7200       0.0000       0.0000       0.0000       0.0000       0.0000
      1.8000       0.0000       0.0000       0.0000       0.0000       0.0000
      1.8800       0.0009       0.0009       0.0007       0.0007       0.0007
      1.9600       0.0142       0.0127       0.0116       0.0127       0.0124
      2.0400       0.0993       0.0961       0.0896       0.0956       0.0938
      2.1200       0.3727       0.3667       0.3574       0.3597       0.3602
      2.2000       0.8746       0.8673       0.8497       0.8514       0.8554
      2.2800       1.4342       1.4271       1.4045       1.4144       1.4170
      2.3600       1.8353       1.8310       1.8022       1.8259       1.8213
      2.4400       1.9805       1.9715       1.9610       1.9923       1.9703
      2.5200       1.9000       1.9015       1.9033       1.9324       1.9057
      2.6000       1.7127       1.7102       1.7451       1.7564       1.7351
      2.6800       1.4954       1.5023       1.5460       1.5412       1.5258
      2.7600       1.3044       1.3181       1.3580       1.3435       1.3425
      2.8400       1.1558       1.1784       1.1945       1.1793       1.1881
      2.9200       1.0496       1.0753       1.0716       1.0558       1.0770
      3.0000       0.9756       1.0018       0.9835       0.9708       0.9970
      3.0800       0.9299       0.9496       0.9249       0.9204       0.9462
      3.1600       0.9124       0.9273       0.8876       0.8907       0.9159
      3.2400       0.9033       0.9124       0.8768       0.8802       0.9018
      3.3200       0.9102       0.9111       0.8791       0.8844       0.9005
      3.4000       0.9222       0.9160       0.8951       0.8977       0.9118
      3.4800       0.9353       0.9284       0.9198       0.9190       0.9269
      3.5600       0.9519       0.9381       0.9465       0.9433       0.9413
      3.6400       0.9688       0.9530       0.9742       0.9668       0.9578
      3.7200       0.9816       0.9683       0.9964       0.9888       0.9751
      3.8000       0.9921       0.9778       1.0141       1.0065       0.9886
      3.8800       1.0002       0.9859       1.0237       1.0197       0.9963
      3.9600       1.0033       0.9966       1.0279       1.0234       0.9993
      4.0400       1.0055       0.9962       1.0250       1.0204       1.0037
      4.1200       1.0042       1.0018       1.0162       1.0154       1.0012
      4.2000       1.0004       0.9997       1.0044       1.0073       0.9979
      4.2800       0.9997       0.9988       0.9977       0.9957       0.9958
      4.3600       0.9961       0.9940       0.9896       0.9887       0.9900
      4.4400       0.9949       0.9932       0.9819       0.9821       0.9883
      4.5200       0.9917       0.9903       0.9804       0.9764       0.9851
      4.6000       0.9902       0.9839       0.9820       0.9748       0.9857
      4.6800       0.9880       0.9882       0.9822       0.9753       0.9826
      4.7600       0.9872       0.9847       0.9835       0.9786       0.9834
      4.8400       0.9861       0.9870       0.9874       0.9823       0.9851
      4.9200       0.9847       0.9877       0.9908       0.9878       0.9873
      5.0000       0.9857       0.9894       0.9957       0.9911       0.9901
      5.0800       0.9884       0.9935       0.9964       0.9949       0.9942
      5.1600       0.9915       0.9996       0.9992       0.9996       1.0005
      5.2400       0.9970       1.0024       1.0025       1.0029       1.0070
      5.3200       1.0032       1.0066       1.0036       1.0053       1.0114
      5.4000       1.0105       1.0141       1.0008       1.0101       1.0182
      5.4800       1.0171       1.0214       1.0026       1.0133       1.0204
      5.5600       1.0216       1.0251       1.0046       1.0176       1.0221
      5.6400       1.0243       1.0289       1.0045       1.0221       1.0250
      5.7200       1.0258       1.0300       1.0079       1.0235       1.0246
      5.8000       1.0227       1.0272       1.0119       1.0235       1.0239
      5.8800       1.0235       1.0231       1.0164       1.0243       1.0226
      5.9600       1.0224       1.0201       1.0201       1.0233       1.0208
      6.0400       1.0195       1.0178       1.0210       1.0213       1.0179
      6.1200       1.0168       1.0119       1.0221       1.0178       1.0153
      6.2000       1.0133       1.0088       1.0202       1.0150       1.0121
      6.2800       1.0098       1.0073       1.0181       1.0108       1.0077
      6.3600       1.0059       1.0017       1.0161       1.0088       1.0028
      6.4400       1.0020       1.0025       1.0111       1.0035       1.0006
      6.5200       0.9986       0.9979       1.0069       1.0002       0.9967
      6.6000       0.9962       0.9959       1.0050       0.9953       0.9940
      6.6800       0.9945       0.9937       1.0013       0.9945       0.9922
      6.7600       0.9923       0.9917       0.9986       0.9921       0.9914
      6.8400       0.9927       0.9922       0.9966       0.9921       0.9919
      6.9200       0.9931       0.9923       0.9954       0.9909       0.9916
      7.0000       0.9932       0.9941       0.9949       0.9925       0.9925
      7.0800       0.9954       0.9934       0.9947       0.9930       0.9946
      7.1600       0.9974       0.9958       0.9952       0.9970       0.9967
      7.2400       1.0003       0.9974       0.9955       0.9988       0.9985
      7.3200       1.0017       1.0004       0.9977       1.0014       1.0016
      7.4000       1.0038       1.0034       0.9999       1.0031       1.0046
      7.4800       1.0057       1.0049       1.0008       1.0045       1.0067
      7.5600       1.0067       1.0073       1.0019       1.0075       1.0082
      7.6400       1.0071       1.0081       1.0029       1.0078       1.0100
      7.7200       1.0094       1.0099       1.0045       1.0089       1.0107
      7.8000       1.0099       1.0106       1.0053       1.0084       1.0110
      7.8800       1.0096       1.0106       1.0067       1.0099       1.0104
      7.9600       1.0097       1.0105       1.0069       1.0090       1.0105
