# Time(ps)      MSD(A^2)
      0.0000       0.0000
      0.1000       0.1662
      0.2000       0.0201
      0.3000       0.0941
      0.4000       0.0726
      0.5000       0.0626
      0.6000       0.1023
      0.7000       0.0533
      0.8000       0.1180
      0.9000       0.0431
      1.0000       0.0931
      1.1000       0.0566
      1.2000       0.0841
      1.3000       0.0893
      1.4000       0.0953
      1.5000       0.0855
      1.6000       0.0802
      1.7000       0.0963
      1.8000       0.0652
      1.9000       0.1221
      2.0000       0.0562
      2.1000       0.1130
      2.2000       0.0730
      2.3000       0.1014
      2.4000       0.0988
      2.5000       0.0952
      2.6000       0.1151
      2.7000       0.0694
      2.8000       0.1264
      2.9000       0.0626
      3.0000       0.1170
      3.1000       0.0910
      3.2000       0.0841
      3.3000       0.1214
      3.4000       0.0891
      3.5000       0.1267
      3.6000       0.1002
      3.7000       0.1067
      3.8000       0.1066
      3.9000       0.0968
      4.0000       0.1171
      4.1000       0.0834
      4.2000       0.1331
      4.3000       0.1096
      4.4000       0.1254
      4.5000       0.1364
      4.6000       0.0890
      4.7000       0.1425
      4.8000       0.1025
      4.9000       0.1211
      5.0000       0.1312
      5.1000       0.1038
      5.2000       0.1456
      5.3000       0.0932
      5.4000       0.1523
      5.5000       0.0793
      5.6000       0.1420
      5.7000       0.1185
      5.8000       0.1157
      5.9000       0.1773
      6.0000       0.0792
      6.1000       0.1990
      6.2000       0.0808
      6.3000       0.1745
      6.4000       0.1331
      6.5000       0.1410
      6.6000       0.1508
      6.7000       0.1112
      6.8000       0.1531
      6.9000       0.1067
      7.0000       0.1576
      7.1000       0.1177
      7.2000       0.1561
      7.3000       0.1733
      7.4000       0.1396
      7.5000       0.1594
      7.6000       0.1232
      7.7000       0.1448
      7.8000       0.1834
      7.9000       0.1321
      8.0000       0.1939
      8.1000       0.1194
      8.2000       0.1888
      8.3000       0.1288
      8.4000       0.1532
      8.5000       0.1842
      8.6000       0.1217
      8.7000       0.2786
      8.8000       0.1135
      8.9000       0.2536
      9.0000       0.1024
      9.1000       0.2058
      9.2000       0.1437
      9.3000       0.1971
      9.4000       0.1856
      9.5000       0.1608
      9.6000       0.1919
      9.7000       0.1535
      9.8000       0.1783
      9.9000       0.1909
     10.0000       0.1783
     10.1000       0.2278
     10.2000       0.1717
     10.3000       0.2227
     10.4000       0.1312
     10.5000       0.2404
     10.6000       0.1563
     10.7000       0.2200
     10.8000       0.1863
     10.9000       0.1792
     11.0000       0.2031
     11.1000       0.1866
     11.2000       0.2211
     11.3000       0.1900
     11.4000       0.2375
     11.5000       0.1826
     11.6000       0.1936
     11.7000       0.1759
     11.8000       0.1936
     11.9000       0.2323
     12.0000       0.1804
     12.1000       0.2786
     12.2000       0.1624
     12.3000       0.3102
     12.4000       0.1534
     12.5000       0.2498
     12.6000       0.1778
     12.7000       0.2278
     12.8000       0.2197
     12.9000       0.2496
     13.0000       0.2554
     13.1000       0.1718
     13.2000       0.2761
     13.3000       0.1563
     13.4000       0.3721
     13.5000       0.1743
     13.6000       0.3180
     13.7000       0.1730
     13.8000       0.2631
     13.9000       0.1795
     14.0000       0.2813
     14.1000       0.2293
     14.2000       0.2569
     14.3000       0.2422
     14.4000       0.2075
     14.5000       0.2648
     14.6000       0.1861
     14.7000       0.3741
     14.8000       0.1764
     14.9000       0.3497
     15.0000       0.2069
     15.1000       0.3260
     15.2000       0.2183
     15.3000       0.2757
     15.4000       0.2218
     15.5000       0.3127
     15.6000       0.2460
     15.7000       0.3029
     15.8000       0.3111
     15.9000       0.2093
     16.0000       0.3667
     16.1000       0.2034
     16.2000       0.4276
     16.3000       0.2672
     16.4000       0.3195
     16.5000       0.2608
     16.6000       0.2814
     16.7000       0.3218
     16.8000       0.2731
     16.9000       0.3810
     17.0000       0.2077
     17.1000       0.4028
     17.2000       0.1606
     17.3000       0.4625
     17.4000       0.1880
     17.5000       0.3553
     17.6000       0.2882
     17.7000       0.3087
     17.8000       0.3271
     17.9000       0.3706
     18.0000       0.3556
     18.1000       0.3053
     18.2000       0.3495
     18.3000       0.2589
     18.4000       0.4091
     18.5000       0.2694
     18.6000       0.4554
     18.7000       0.3448
     18.8000       0.3530
     18.9000       0.3740
     19.0000       0.2894
     19.1000       0.3329
     19.2000       0.3187
     19.3000       0.3437
     19.4000       0.4349
     19.5000       0.2979
     19.6000       0.4596
     19.7000       0.3151
     19.8000       0.3961
     19.9000       0.3168
     20.0000       0.3062
     20.1000       0.4676
     20.2000       0.2738
     20.3000       0.5775
     20.4000       0.2423
     20.5000       0.5046
     20.6000       0.2912
     20.7000       0.3491
     20.8000       0.3617
     20.9000       0.3673
     21.0000       0.4187
     21.1000       0.3904
     21.2000       0.3375
     21.3000       0.5637
     21.4000       0.2658
     21.5000       0.5633
     21.6000       0.2188
     21.7000       0.5129
     21.8000       0.2809
     21.9000       0.4074
     22.0000       0.3832
     22.1000       0.3690
     22.2000       0.3822
     22.3000       0.3638
     22.4000       0.3610
     22.5000       0.3520
     22.6000       0.4232
     22.7000       0.4258
     22.8000       0.3528
     22.9000       0.5344
     23.0000       0.2635
     23.1000       0.5675
     23.2000       0.2652
     23.3000       0.6089
     23.4000       0.3122
     23.5000       0.6095
     23.6000       0.3701
     23.7000       0.4361
     23.8000       0.4233
     23.9000       0.4259
     24.0000       0.4308
     24.1000       0.3937
     24.2000       0.4990
     24.3000       0.5191
     24.4000       0.4628
     24.5000       0.5648
     24.6000       0.6095
     24.7000       0.3749
     24.8000       0.6647
     24.9000       0.3814
     25.0000       0.7135
     25.1000       0.3784
     25.2000       0.5492
     25.3000       0.5482
     25.4000       0.6095
     25.5000       0.7430
     25.6000       0.9361
     25.7000       1.4163
     25.8000       1.9018
     25.9000       2.6778
     26.0000       3.6894
     26.1000       4.8636
     26.2000       6.5397
     26.3000       8.7109
     26.4000      10.9701
     26.5000      12.6176
     26.6000      14.4852
     26.7000      16.5006
     26.8000      18.8129
     26.9000      21.5073
     27.0000      24.3602
     27.1000      26.8272
     27.2000      29.1545
     27.3000      31.2972
     27.4000      34.4061
     27.5000      37.1168
     27.6000      39.9940
     27.7000      43.4430
     27.8000      47.3625
     27.9000      50.4123
     28.0000      52.5014
     28.1000      55.4310
     28.2000      58.5692
     28.3000      60.6230
     28.4000      63.0017
     28.5000      64.4759
     28.6000      65.7923
     28.7000      67.9655
     28.8000      70.7578
     28.9000      74.2075
     29.0000      77.4546
     29.1000      80.3817
     29.2000      83.7548
     29.3000      87.2350
     29.4000      91.7167
     29.5000      93.9076
     29.6000      95.9741
     29.7000      99.9602
     29.8000     103.9480
     29.9000     106.5001
     30.0000     107.4528
