# Time(ps)    MSD_22.almtp(A^2)    MSD_pruned_1(A^2)    MSD_pruned_2(A^2)    MSD_pruned_3(A^2)
      0.0000       0.0000       0.0000       0.0000       0.0000
      0.1000       0.0690       0.0702       0.0623       0.0592
      0.2000       0.0556       0.0635       0.0482       0.0523
      0.3000       0.0590       0.0593       0.0451       0.0454
      0.4000       0.0566       0.0540       0.0426       0.0411
      0.5000       0.0434       0.0493       0.0408       0.0461
      0.6000       0.0488       0.0564       0.0489       0.0437
      0.7000       0.0465       0.0474       0.0466       0.0469
      0.8000       0.0547       0.0577       0.0437       0.0445
      0.9000       0.0540       0.0695       0.0431       0.0481
      1.0000       0.0404       0.0756       0.0499       0.0405
      1.1000       0.0442       0.0562       0.0395       0.0474
      1.2000       0.0585       0.0500       0.0422       0.0497
      1.3000       0.0577       0.0566       0.0479       0.0498
      1.4000       0.0542       0.0603       0.0418       0.0381
      1.5000       0.0491       0.0537       0.0411       0.0450
      1.6000       0.0504       0.0538       0.0418       0.0496
      1.7000       0.0476       0.0500       0.0445       0.0509
      1.8000       0.0496       0.0550       0.0436       0.0490
      1.9000       0.0539       0.0541       0.0457       0.0467
      2.0000       0.0577       0.0559       0.0487       0.0417
      2.1000       0.0584       0.0554       0.0513       0.0485
      2.2000       0.0524       0.0580       0.0483       0.0465
      2.3000       0.0859       0.0499       0.0410       0.0569
      2.4000       0.0527       0.0567       0.0457       0.0474
      2.5000       0.0653       0.0601       0.0543       0.0438
      2.6000       0.0556       0.0509       0.0402       0.0437
      2.7000       0.0517       0.0550       0.0435       0.0442
      2.8000       0.0437       0.0550       0.0440       0.0566
      2.9000       0.0458       0.0518       0.0452       0.0570
      3.0000       0.0467       0.0591       0.0564       0.0498
      3.1000       0.0548       0.0534       0.0486       0.0486
      3.2000       0.0572       0.0542       0.0508       0.0384
      3.3000       0.0441       0.0516       0.0481       0.0440
      3.4000       0.0476       0.0604       0.0513       0.0606
      3.5000       0.0477       0.0638       0.0538       0.0543
      3.6000       0.0550       0.0564       0.0463       0.0417
      3.7000       0.0529       0.0532       0.0549       0.0450
      3.8000       0.0499       0.0552       0.0539       0.0409
      3.9000       0.0445       0.0567       0.0559       0.0480
      4.0000       0.0553       0.0646       0.0479       0.0469
      4.1000       0.0513       0.0623       0.0485       0.0459
      4.2000       0.0519       0.0478       0.0454       0.0515
      4.3000       0.0482       0.0537       0.0547       0.0441
      4.4000       0.0560       0.0458       0.0580       0.0593
      4.5000       0.0513       0.0569       0.0537       0.0431
      4.6000       0.0511       0.0565       0.0555       0.0486
      4.7000       0.0489       0.0531       0.0506       0.0481
      4.8000       0.0449       0.0572       0.0496       0.0513
      4.9000       0.0466       0.0538       0.0574       0.0526
      5.0000       0.0552       0.0547       0.0446       0.0439
      5.1000       0.0492       0.0560       0.0477       0.0467
      5.2000       0.0471       0.0565       0.0526       0.0481
      5.3000       0.0460       0.0466       0.0508       0.0514
      5.4000       0.0535       0.0591       0.0552       0.0611
      5.5000       0.0594       0.0591       0.0477       0.0561
      5.6000       0.0410       0.0542       0.0539       0.0455
      5.7000       0.0515       0.0488       0.0526       0.0507
      5.8000       0.0488       0.0517       0.0503       0.0489
      5.9000       0.0522       0.0656       0.0542       0.0421
      6.0000       0.0544       0.0566       0.0463       0.0555
      6.1000       0.0406       0.0535       0.0491       0.0562
      6.2000       0.0446       0.0497       0.0524       0.0443
      6.3000       0.0514       0.0507       0.0438       0.0465
      6.4000       0.0415       0.0613       0.0547       0.0452
      6.5000       0.0592       0.0514       0.0503       0.0441
      6.6000       0.0496       0.0471       0.0544       0.0513
      6.7000       0.0420       0.0594       0.0539       0.0554
      6.8000       0.0524       0.0565       0.0524       0.0470
      6.9000       0.0427       0.0601       0.0450       0.0490
      7.0000       0.0549       0.0545       0.0563       0.0610
      7.1000       0.0512       0.0568       0.0447       0.0451
      7.2000       0.0507       0.0516       0.0531       0.0555
      7.3000       0.0468       0.0472       0.0496       0.0578
      7.4000       0.0546       0.0508       0.0500       0.0548
      7.5000       0.0445       0.0494       0.0495       0.0518
      7.6000       0.0515       0.0522       0.0535       0.0590
      7.7000       0.0672       0.0506       0.0520       0.0649
      7.8000       0.0502       0.0457       0.0511       0.0613
      7.9000       0.0578       0.0462       0.0478       0.0548
      8.0000       0.0547       0.0470       0.0520       0.0553
      8.1000       0.0535       0.0558       0.0497       0.0534
      8.2000       0.0558       0.0506       0.0506       0.0481
      8.3000       0.0544       0.0518       0.0462       0.0500
      8.4000       0.0556       0.0544       0.0526       0.0472
      8.5000       0.0493       0.0497       0.0539       0.0633
      8.6000       0.0454       0.0519       0.0456       0.0492
      8.7000       0.0481       0.0534       0.0504       0.0560
      8.8000       0.0462       0.0493       0.0498       0.0448
      8.9000       0.0535       0.0498       0.0495       0.0520
      9.0000       0.0492       0.0543       0.0517       0.0460
      9.1000       0.0506       0.0478       0.0540       0.0499
      9.2000       0.0428       0.0624       0.0536       0.0517
      9.3000       0.0499       0.0551       0.0480       0.0479
      9.4000       0.0503       0.0487       0.0471       0.0515
      9.5000       0.0538       0.0460       0.0552       0.0490
      9.6000       0.0491       0.0474       0.0504       0.0620
      9.7000       0.0486       0.0533       0.0570       0.0684
      9.8000       0.0389       0.0511       0.0483       0.0620
      9.9000       0.0506       0.0575       0.0454       0.0512
     10.0000       0.0541       0.0498       0.0513       0.0543
     10.1000       0.0500       0.0548       0.0526       0.0532
     10.2000       0.0624       0.0514       0.0490       0.0476
     10.3000       0.0497       0.0535       0.0544       0.0481
     10.4000       0.0518       0.0585       0.0488       0.0509
     10.5000       0.0476       0.0469       0.0506       0.0391
     10.6000       0.0497       0.0500       0.0504       0.0464
     10.7000       0.0474       0.0640       0.0508       0.0486
     10.8000       0.0482       0.0560       0.0489       0.0471
     10.9000       0.0512       0.0507       0.0563       0.0478
     11.0000       0.0543       0.0628       0.0462       0.0505
     11.1000       0.0442       0.0414       0.0417       0.0417
     11.2000       0.0541       0.0512       0.0577       0.0427
     11.3000       0.0601       0.0594       0.0514       0.0420
     11.4000       0.0581       0.0518       0.0529       0.0463
     11.5000       0.0674       0.0516       0.0495       0.0452
     11.6000       0.0621       0.0523       0.0460       0.0477
     11.7000       0.0569       0.0544       0.0576       0.0483
     11.8000       0.0499       0.0495       0.0521       0.0526
     11.9000       0.0559       0.0457       0.0484       0.0480
     12.0000       0.0524       0.0551       0.0471       0.0377
     12.1000       0.0555       0.0626       0.0597       0.0444
     12.2000       0.0466       0.0485       0.0517       0.0510
     12.3000       0.0599       0.0499       0.0521       0.0458
     12.4000       0.0588       0.0593       0.0506       0.0440
     12.5000       0.0517       0.0568       0.0505       0.0497
     12.6000       0.0531       0.0508       0.0549       0.0465
     12.7000       0.0465       0.0519       0.0503       0.0450
     12.8000       0.0552       0.0458       0.0667       0.0451
     12.9000       0.0531       0.0489       0.0488       0.0475
     13.0000       0.0471       0.0517       0.0488       0.0440
     13.1000       0.0494       0.0565       0.0480       0.0477
     13.2000       0.0468       0.0541       0.0500       0.0464
     13.3000       0.0560       0.0538       0.0543       0.0534
     13.4000       0.0497       0.0516       0.0501       0.0434
     13.5000       0.0454       0.0443       0.0483       0.0462
     13.6000       0.0534       0.0611       0.0480       0.0465
     13.7000       0.0418       0.0533       0.0607       0.0410
     13.8000       0.0594       0.0542       0.0468       0.0485
     13.9000       0.0566       0.0558       0.0500       0.0454
     14.0000       0.0513       0.0489       0.0523       0.0478
     14.1000       0.0435       0.0450       0.0456       0.0515
     14.2000       0.0435       0.0483       0.0534       0.0395
     14.3000       0.0550       0.0604       0.0510       0.0505
     14.4000       0.0474       0.0516       0.0452       0.0496
     14.5000       0.0513       0.0577       0.0566       0.0456
     14.6000       0.0477       0.0439       0.0483       0.0434
     14.7000       0.0489       0.0624       0.0493       0.0447
     14.8000       0.0461       0.0529       0.0526       0.0497
     14.9000       0.0494       0.0510       0.0426       0.0448
     15.0000       0.0496       0.0462       0.0570       0.0421
     15.1000       0.0643       0.0517       0.0596       0.0477
     15.2000       0.0556       0.0550       0.0515       0.0393
     15.3000       0.0546       0.0591       0.0452       0.0477
     15.4000       0.0435       0.0487       0.0498       0.0508
     15.5000       0.0589       0.0431       0.0559       0.0501
     15.6000       0.0528       0.0479       0.0523       0.0368
     15.7000       0.0637       0.0512       0.0626       0.0462
     15.8000       0.0526       0.0522       0.0534       0.0458
     15.9000       0.0487       0.0538       0.0614       0.0505
     16.0000       0.0418       0.0539       0.0495       0.0496
     16.1000       0.0493       0.0579       0.0514       0.0435
     16.2000       0.0561       0.0517       0.0583       0.0450
     16.3000       0.0406       0.0486       0.0516       0.0471
     16.4000       0.0441       0.0513       0.0547       0.0427
     16.5000       0.0484       0.0514       0.0499       0.0486
     16.6000       0.0475       0.0538       0.0522       0.0593
     16.7000       0.0488       0.0556       0.0490       0.0518
     16.8000       0.0512       0.0570       0.0444       0.0422
     16.9000       0.0453       0.0605       0.0437       0.0464
     17.0000       0.0485       0.0582       0.0527       0.0501
     17.1000       0.0407       0.0565       0.0499       0.0475
     17.2000       0.0498       0.0572       0.0468       0.0767
     17.3000       0.0488       0.0468       0.0494       0.0721
     17.4000       0.0466       0.0537       0.0441       0.0587
     17.5000       0.0426       0.0514       0.0512       0.0566
     17.6000       0.0481       0.0619       0.0513       0.0459
     17.7000       0.0447       0.0598       0.0440       0.0622
     17.8000       0.0454       0.0556       0.0498       0.0607
     17.9000       0.0488       0.0557       0.0454       0.0583
     18.0000       0.0560       0.0560       0.0444       0.0437
     18.1000       0.0490       0.0466       0.0549       0.0473
     18.2000       0.0445       0.0440       0.0486       0.0490
     18.3000       0.0423       0.0488       0.0526       0.0534
     18.4000       0.0517       0.0641       0.0460       0.0460
     18.5000       0.0510       0.0430       0.0495       0.0507
     18.6000       0.0479       0.0463       0.0463       0.0536
     18.7000       0.0406       0.0545       0.0514       0.0436
     18.8000       0.0425       0.0638       0.0531       0.0537
     18.9000       0.0481       0.0579       0.0434       0.0492
     19.0000       0.0486       0.0521       0.0567       0.0425
     19.1000       0.0533       0.0499       0.0512       0.0559
     19.2000       0.0447       0.0515       0.0491       0.0471
     19.3000       0.0506       0.0489       0.0480       0.0470
     19.4000       0.0492       0.0564       0.0528       0.0507
     19.5000       0.0518       0.0583       0.0456       0.0401
     19.6000       0.0507       0.0563       0.0456       0.0505
     19.7000       0.0456       0.0432       0.0525       0.0489
     19.8000       0.0477       0.0479       0.0475       0.0461
     19.9000       0.0452       0.0600       0.0441       0.0528
     20.0000       0.0439       0.0577       0.0451       0.0453
     20.1000       0.0472       0.0579       0.0493       0.0469
     20.2000       0.0442       0.0521       0.0486       0.0470
     20.3000       0.0493       0.0562       0.0537       0.0431
     20.4000       0.0465       0.0524       0.0438       0.0482
     20.5000       0.0443       0.0517       0.0463       0.0447
     20.6000       0.0494       0.0563       0.0459       0.0549
     20.7000       0.0442       0.0602       0.0436       0.0459
     20.8000       0.0516       0.0600       0.0526       0.0457
     20.9000       0.0464       0.0512       0.0451       0.0540
     21.0000       0.0455       0.0535       0.0472       0.0407
     21.1000       0.0513       0.0502       0.0441       0.0481
     21.2000       0.0480       0.0673       0.0451       0.0518
     21.3000       0.0556       0.0681       0.0495       0.0488
     21.4000       0.0519       0.0685       0.0491       0.0472
     21.5000       0.0455       0.0658       0.0443       0.0533
     21.6000       0.0438       0.0585       0.0469       0.0452
     21.7000       0.0498       0.0428       0.0473       0.0517
     21.8000       0.0615       0.0498       0.0530       0.0392
     21.9000       0.0553       0.0533       0.0468       0.0515
     22.0000       0.0561       0.0571       0.0387       0.0505
     22.1000       0.0433       0.0499       0.0502       0.0599
     22.2000       0.0448       0.0580       0.0524       0.0453
     22.3000       0.0461       0.0537       0.0495       0.0479
     22.4000       0.0482       0.0437       0.0448       0.0509
     22.5000       0.0529       0.0546       0.0531       0.0475
     22.6000       0.0460       0.0527       0.0479       0.0560
     22.7000       0.0520       0.0599       0.0490       0.0515
     22.8000       0.0455       0.0471       0.0485       0.0457
     22.9000       0.0448       0.0556       0.0496       0.0442
     23.0000       0.0514       0.0491       0.0468       0.0439
     23.1000       0.0483       0.0538       0.0476       0.0569
     23.2000       0.0467       0.0475       0.0458       0.0421
     23.3000       0.0569       0.0456       0.0481       0.0498
     23.4000       0.0409       0.0607       0.0464       0.0476
     23.5000       0.0497       0.0622       0.0447       0.0506
     23.6000       0.0543       0.0527       0.0488       0.0524
     23.7000       0.0516       0.0478       0.0553       0.0456
     23.8000       0.0432       0.0487       0.0443       0.0490
     23.9000       0.0467       0.0479       0.0480       0.0496
     24.0000       0.0437       0.0524       0.0518       0.0473
     24.1000       0.0514       0.0608       0.0453       0.0460
     24.2000       0.0568       0.0635       0.0483       0.0451
     24.3000       0.0435       0.0493       0.0547       0.0412
     24.4000       0.0500       0.0549       0.0492       0.0547
     24.5000       0.0539       0.0560       0.0461       0.0495
     24.6000       0.0579       0.0535       0.0463       0.0441
     24.7000       0.0481       0.0548       0.0498       0.0506
     24.8000       0.0662       0.0518       0.0436       0.0376
     24.9000       0.0517       0.0519       0.0583       0.0523
     25.0000       0.0574       0.0551       0.0532       0.0441
     25.1000       0.0578       0.0617       0.0483       0.0436
     25.2000       0.0489       0.0567       0.0474       0.0519
     25.3000       0.0478       0.0498       0.0471       0.0480
     25.4000       0.0624       0.0572       0.0584       0.0481
     25.5000       0.0442       0.0622       0.0528       0.0396
     25.6000       0.0476       0.0653       0.0577       0.0460
     25.7000       0.0503       0.0713       0.0458       0.0521
     25.8000       0.0505       0.0635       0.0511       0.0429
     25.9000       0.0540       0.0535       0.0465       0.0403
     26.0000       0.0570       0.0484       0.0485       0.0576
     26.1000       0.0424       0.0607       0.0500       0.0403
     26.2000       0.0528       0.0602       0.0507       0.0469
     26.3000       0.0605       0.0647       0.0500       0.0457
     26.4000       0.0589       0.0542       0.0459       0.0467
     26.5000       0.0588       0.0542       0.0500       0.0459
     26.6000       0.0546       0.0540       0.0527       0.0441
     26.7000       0.0448       0.0532       0.0494       0.0455
     26.8000       0.0472       0.0640       0.0534       0.0431
     26.9000       0.0602       0.0537       0.0473       0.0462
     27.0000       0.0677       0.0491       0.0485       0.0453
     27.1000       0.0527       0.0509       0.0545       0.0362
     27.2000       0.0426       0.0505       0.0507       0.0593
     27.3000       0.0461       0.0478       0.0480       0.0469
     27.4000       0.0476       0.0645       0.0497       0.0485
     27.5000       0.0548       0.0523       0.0507       0.0441
     27.6000       0.0499       0.0556       0.0575       0.0479
     27.7000       0.0479       0.0484       0.0524       0.0391
     27.8000       0.0453       0.0639       0.0462       0.0421
     27.9000       0.0469       0.0525       0.0526       0.0494
     28.0000       0.0508       0.0514       0.0461       0.0488
     28.1000       0.0474       0.0495       0.0623       0.0417
     28.2000       0.0514       0.0532       0.0513       0.0419
     28.3000       0.0444       0.0556       0.0454       0.0413
     28.4000       0.0510       0.0555       0.0493       0.0568
     28.5000       0.0493       0.0652       0.0493       0.0543
     28.6000       0.0506       0.0673       0.0622       0.0454
     28.7000       0.0415       0.0593       0.0544       0.0498
     28.8000       0.0494       0.0533       0.0480       0.0554
     28.9000       0.0502       0.0430       0.0496       0.0561
     29.0000       0.0478       0.0559       0.0619       0.0496
     29.1000       0.0511       0.0516       0.0544       0.0545
     29.2000       0.0498       0.0495       0.0555       0.0572
     29.3000       0.0459       0.0451       0.0455       0.0565
     29.4000       0.0544       0.0583       0.0510       0.0574
     29.5000       0.0616       0.0481       0.0512       0.0529
     29.6000       0.0530       0.0441       0.0472       0.0552
     29.7000       0.0444       0.0563       0.0629       0.0603
     29.8000       0.0553       0.0615       0.0497       0.0531
     29.9000       0.0366       0.0548       0.0486       0.0609
     30.0000       0.0414       0.0481       0.0498       0.0578
     30.1000       0.0553       0.0546       0.0525       0.0589
     30.2000       0.0450       0.0590       0.0545       0.0485
     30.3000       0.0505       0.0605       0.0486       0.0586
     30.4000       0.0425       0.0495       0.0495       0.0578
     30.5000       0.0510       0.0597       0.0538       0.0528
     30.6000       0.0460       0.0631       0.0525       0.0637
     30.7000       0.0488       0.0647       0.0582       0.0563
     30.8000       0.0533       0.0451       0.0529       0.0532
     30.9000       0.0405       0.0437       0.0514       0.0537
     31.0000       0.0523       0.0594       0.0528       0.0649
     31.1000       0.0467       0.0512       0.0482       0.0650
     31.2000       0.0460       0.0450       0.0509       0.0592
     31.3000       0.0505       0.0496       0.0566       0.0545
     31.4000       0.0470       0.0549       0.0653       0.0580
     31.5000       0.0442       0.0525       0.0519       0.0498
     31.6000       0.0533       0.0489       0.0660       0.0545
     31.7000       0.0497       0.0510       0.0508       0.0487
     31.8000       0.0475       0.0563       0.0407       0.0462
     31.9000       0.0426       0.0528       0.0533       0.0470
     32.0000       0.0496       0.0445       0.0423       0.0449
     32.1000       0.0459       0.0477       0.0517       0.0446
     32.2000       0.0501       0.0570       0.0419       0.0466
     32.3000       0.0424       0.0511       0.0438       0.0515
     32.4000       0.0495       0.0385       0.0495       0.0451
     32.5000       0.0475       0.0471       0.0457       0.0569
     32.6000       0.0461       0.0501       0.0498       0.0527
     32.7000       0.0539       0.0506       0.0477       0.0492
     32.8000       0.0464       0.0514       0.0565       0.0447
     32.9000       0.0471       0.0460       0.0458       0.0445
     33.0000       0.0482       0.0557       0.0458       0.0438
     33.1000       0.0548       0.0509       0.0483       0.0474
     33.2000       0.0441       0.0468       0.0533       0.0532
     33.3000       0.0494       0.0549       0.0427       0.0455
     33.4000       0.0445       0.0622       0.0490       0.0424
     33.5000       0.0466       0.0578       0.0452       0.0528
     33.6000       0.0424       0.0446       0.0422       0.0416
     33.7000       0.0483       0.0512       0.0510       0.0440
     33.8000       0.0494       0.0505       0.0432       0.0553
     33.9000       0.0463       0.0532       0.0512       0.0458
     34.0000       0.0534       0.0588       0.0494       0.0493
     34.1000       0.0557       0.0536       0.0452       0.0447
     34.2000       0.0516       0.0545       0.0431       0.0489
     34.3000       0.0505       0.0472       0.0475       0.0435
     34.4000       0.0544       0.0522       0.0483       0.0522
     34.5000       0.0582       0.0568       0.0439       0.0473
     34.6000       0.0555       0.0716       0.0523       0.0468
     34.7000       0.0444       0.0612       0.0505       0.0460
     34.8000       0.0436       0.0551       0.0566       0.0442
     34.9000       0.0474       0.0482       0.0428       0.0488
     35.0000       0.0529       0.0520       0.0564       0.0463
     35.1000       0.0572       0.0563       0.0474       0.0456
     35.2000       0.0530       0.0658       0.0498       0.0437
     35.3000       0.0591       0.0496       0.0462       0.0437
     35.4000       0.0555       0.0495       0.0430       0.0445
     35.5000       0.0526       0.0520       0.0481       0.0453
     35.6000       0.0570       0.0613       0.0445       0.0438
     35.7000       0.0494       0.0630       0.0424       0.0452
     35.8000       0.0525       0.0567       0.0491       0.0475
     35.9000       0.0603       0.0542       0.0423       0.0437
     36.0000       0.0603       0.0422       0.0463       0.0502
     36.1000       0.0524       0.0495       0.0504       0.0521
     36.2000       0.0529       0.0545       0.0436       0.0433
     36.3000       0.0547       0.0565       0.0481       0.0510
     36.4000       0.0560       0.0498       0.0452       0.0493
     36.5000       0.0506       0.0442       0.0482       0.0483
     36.6000       0.0527       0.0537       0.0482       0.0432
     36.7000       0.0523       0.0497       0.0452       0.0406
     36.8000       0.0538       0.0497       0.0409       0.0500
     36.9000       0.0479       0.0628       0.0417       0.0484
     37.0000       0.0405       0.0472       0.0495       0.0516
     37.1000       0.0523       0.0489       0.0555       0.0504
     37.2000       0.0398       0.0569       0.0410       0.0451
     37.3000       0.0516       0.0551       0.0424       0.0471
     37.4000       0.0546       0.0562       0.0435       0.0481
     37.5000       0.0445       0.0499       0.0461       0.0421
     37.6000       0.0527       0.0536       0.0532       0.0507
     37.7000       0.0533       0.0539       0.0441       0.0424
     37.8000       0.0577       0.0581       0.0466       0.0484
     37.9000       0.0519       0.0630       0.0480       0.0470
     38.0000       0.0540       0.0529       0.0439       0.0482
     38.1000       0.0590       0.0575       0.0447       0.0474
     38.2000       0.0604       0.0596       0.0473       0.0574
     38.3000       0.0537       0.0564       0.0413       0.0418
     38.4000       0.0456       0.0534       0.0465       0.0391
     38.5000       0.0456       0.0647       0.0449       0.0535
     38.6000       0.0490       0.0615       0.0421       0.0444
     38.7000       0.0446       0.0592       0.0537       0.0445
     38.8000       0.0461       0.0545       0.0432       0.0510
     38.9000       0.0489       0.0576       0.0421       0.0455
     39.0000       0.0464       0.0563       0.0405       0.0415
     39.1000       0.0534       0.0706       0.0431       0.0453
     39.2000       0.0525       0.0554       0.0520       0.0441
     39.3000       0.0449       0.0497       0.0476       0.0479
     39.4000       0.0443       0.0542       0.0417       0.0463
     39.5000       0.0487       0.0545       0.0506       0.0493
     39.6000       0.0431       0.0527       0.0424       0.0421
     39.7000       0.0490       0.0536       0.0490       0.0466
     39.8000       0.0482       0.0554       0.0513       0.0408
     39.9000       0.0533       0.0498       0.0443       0.0425
     40.0000       0.0533       0.0518       0.0456       0.0518
     40.1000       0.0521       0.0452       0.0376       0.0507
     40.2000       0.0520       0.0549       0.0417       0.0420
     40.3000       0.0397       0.0596       0.0490       0.0407
     40.4000       0.0560       0.0592       0.0480       0.0432
     40.5000       0.0552       0.0552       0.0453       0.0462
     40.6000       0.0534       0.0480       0.0438       0.0423
     40.7000       0.0522       0.0482       0.0445       0.0525
     40.8000       0.0430       0.0558       0.0433       0.0463
     40.9000       0.0463       0.0524       0.0448       0.0507
     41.0000       0.0516       0.0531       0.0469       0.0428
     41.1000       0.0538       0.0540       0.0424       0.0482
     41.2000       0.0609       0.0467       0.0461       0.0446
     41.3000       0.0493       0.0560       0.0428       0.0454
     41.4000       0.0407       0.0527       0.0542       0.0496
     41.5000       0.0482       0.0567       0.0457       0.0444
     41.6000       0.0503       0.0556       0.0437       0.0473
     41.7000       0.0449       0.0558       0.0434       0.0478
     41.8000       0.0465       0.0492       0.0529       0.0466
     41.9000       0.0545       0.0449       0.0501       0.0490
     42.0000       0.0550       0.0561       0.0575       0.0406
     42.1000       0.0446       0.0517       0.0487       0.0508
     42.2000       0.0487       0.0528       0.0504       0.0421
     42.3000       0.0422       0.0565       0.0496       0.0556
     42.4000       0.0477       0.0534       0.0416       0.0389
     42.5000       0.0482       0.0492       0.0519       0.0413
     42.6000       0.0534       0.0531       0.0410       0.0534
     42.7000       0.0506       0.0463       0.0481       0.0433
     42.8000       0.0372       0.0579       0.0568       0.0390
     42.9000       0.0465       0.0589       0.0432       0.0489
     43.0000       0.0496       0.0540       0.0515       0.0478
     43.1000       0.0491       0.0474       0.0469       0.0507
     43.2000       0.0425       0.0485       0.0462       0.0451
     43.3000       0.0467       0.0502       0.0513       0.0423
     43.4000       0.0469       0.0456       0.0584       0.0421
     43.5000       0.0458       0.0492       0.0470       0.0467
     43.6000       0.0474       0.0523       0.0504       0.0518
     43.7000       0.0491       0.0551       0.0441       0.0496
     43.8000       0.0512       0.0429       0.0515       0.0465
     43.9000       0.0396       0.0489       0.0537       0.0417
     44.0000       0.0420       0.0529       0.0499       0.0460
     44.1000       0.0523       0.0574       0.0464       0.0486
     44.2000       0.0462       0.0642       0.0523       0.0607
     44.3000       0.0481       0.0516       0.0435       0.0502
     44.4000       0.0464       0.0541       0.0572       0.0485
     44.5000       0.0453       0.0666       0.0510       0.0370
     44.6000       0.0463       0.0560       0.0469       0.0512
     44.7000       0.0437       0.0547       0.0485       0.0512
     44.8000       0.0500       0.0538       0.0468       0.0471
     44.9000       0.0479       0.0535       0.0517       0.0457
     45.0000       0.0430       0.0477       0.0513       0.0463
     45.1000       0.0414       0.0513       0.0525       0.0459
     45.2000       0.0472       0.0594       0.0524       0.0457
     45.3000       0.0466       0.0560       0.0463       0.0401
     45.4000       0.0461       0.0465       0.0441       0.0474
     45.5000       0.0475       0.0469       0.0503       0.0450
     45.6000       0.0473       0.0473       0.0488       0.0469
     45.7000       0.0440       0.0586       0.0382       0.0410
     45.8000       0.0436       0.0492       0.0552       0.0422
     45.9000       0.0439       0.0527       0.0521       0.0441
     46.0000       0.0472       0.0488       0.0529       0.0583
     46.1000       0.0462       0.0439       0.0429       0.0431
     46.2000       0.0463       0.0539       0.0440       0.0481
     46.3000       0.0526       0.0564       0.0495       0.0461
     46.4000       0.0477       0.0579       0.0577       0.0422
     46.5000       0.0498       0.0576       0.0507       0.0472
     46.6000       0.0483       0.0476       0.0488       0.0452
     46.7000       0.0439       0.0506       0.0440       0.0465
     46.8000       0.0453       0.0432       0.0512       0.0404
     46.9000       0.0379       0.0613       0.0519       0.0454
     47.0000       0.0450       0.0608       0.0561       0.0496
     47.1000       0.0504       0.0494       0.0498       0.0456
     47.2000       0.0644       0.0484       0.0448       0.0410
     47.3000       0.0524       0.0510       0.0492       0.0491
     47.4000       0.0532       0.0587       0.0554       0.0424
     47.5000       0.0386       0.0608       0.0538       0.0463
     47.6000       0.0398       0.0498       0.0476       0.0443
     47.7000       0.0518       0.0462       0.0578       0.0369
     47.8000       0.0552       0.0649       0.0496       0.0445
     47.9000       0.0541       0.0605       0.0514       0.0508
     48.0000       0.0561       0.0564       0.0542       0.0456
     48.1000       0.0518       0.0567       0.0539       0.0418
     48.2000       0.0447       0.0582       0.0478       0.0415
     48.3000       0.0420       0.0484       0.0581       0.0499
     48.4000       0.0456       0.0517       0.0454       0.0512
     48.5000       0.0439       0.0561       0.0493       0.0433
     48.6000       0.0488       0.0638       0.0532       0.0406
     48.7000       0.0476       0.0542       0.0531       0.0438
     48.8000       0.0501       0.0446       0.0601       0.0497
     48.9000       0.0463       0.0520       0.0465       0.0478
     49.0000       0.0457       0.0579       0.0507       0.0398
     49.1000       0.0490       0.0526       0.0471       0.0505
     49.2000       0.0458       0.0615       0.0629       0.0483
     49.3000       0.0524       0.0595       0.0537       0.0372
     49.4000       0.0495       0.0600       0.0480       0.0480
     49.5000       0.0534       0.0534       0.0562       0.0490
     49.6000       0.0446       0.0502       0.0487       0.0470
     49.7000       0.0433       0.0551       0.0534       0.0427
     49.8000       0.0453       0.0572       0.0548       0.0479
     49.9000       0.0566       0.0537       0.0516       0.0456
     50.0000       0.0512       0.0451       0.0510       0.0456
     50.1000       0.0496       0.0637       0.0508       0.0508
     50.2000       0.0403       0.0657       0.0589       0.0479
     50.3000       0.0435       0.0635       0.0517       0.0529
     50.4000       0.0501       0.0615       0.0513       0.0408
     50.5000       0.0552       0.0545       0.0495       0.0447
     50.6000       0.0554       0.0519       0.0492       0.0449
     50.7000       0.0407       0.0552       0.0563       0.0473
     50.8000       0.0493       0.0539       0.0484       0.0407
     50.9000       0.0482       0.0503       0.0476       0.0412
     51.0000       0.0539       0.0511       0.0558       0.0420
     51.1000       0.0521       0.0549       0.0501       0.0455
     51.2000       0.0476       0.0497       0.0508       0.0475
     51.3000       0.0453       0.0489       0.0502       0.0464
     51.4000       0.0628       0.0498       0.0453       0.0445
     51.5000       0.0496       0.0532       0.0637       0.0393
     51.6000       0.0567       0.0459       0.0521       0.0484
     51.7000       0.0473       0.0487       0.0539       0.0491
     51.8000       0.0435       0.0564       0.0481       0.0427
     51.9000       0.0455       0.0537       0.0545       0.0460
     52.0000       0.0442       0.0509       0.0516       0.0437
     52.1000       0.0504       0.0449       0.0582       0.0428
     52.2000       0.0512       0.0484       0.0505       0.0465
     52.3000       0.0476       0.0541       0.0472       0.0577
     52.4000       0.0473       0.0533       0.0521       0.0443
     52.5000       0.0469       0.0512       0.0586       0.0430
     52.6000       0.0458       0.0487       0.0522       0.0412
     52.7000       0.0538       0.0528       0.0475       0.0548
     52.8000       0.0522       0.0454       0.0479       0.0478
     52.9000       0.0460       0.0516       0.0523       0.0466
     53.0000       0.0411       0.0607       0.0582       0.0453
     53.1000       0.0455       0.0512       0.0520       0.0490
     53.2000       0.0493       0.0486       0.0470       0.0476
     53.3000       0.0535       0.0495       0.0516       0.0478
     53.4000       0.0470       0.0580       0.0480       0.0380
     53.5000       0.0501       0.0556       0.0558       0.0561
     53.6000       0.0523       0.0566       0.0552       0.0391
     53.7000       0.0459       0.0569       0.0447       0.0465
     53.8000       0.0502       0.0509       0.0470       0.0540
     53.9000       0.0463       0.0515       0.0494       0.0520
     54.0000       0.0582       0.0543       0.0561       0.0386
     54.1000       0.0481       0.0516       0.0535       0.0468
     54.2000       0.0624       0.0543       0.0512       0.0465
     54.3000       0.0533       0.0535       0.0487       0.0525
     54.4000       0.0568       0.0447       0.0456       0.0458
     54.5000       0.0458       0.0485       0.0547       0.0463
     54.6000       0.0512       0.0529       0.0563       0.0512
     54.7000       0.0497       0.0526       0.0453       0.0459
     54.8000       0.0596       0.0513       0.0495       0.0587
     54.9000       0.0510       0.0539       0.0501       0.0450
     55.0000       0.0517       0.0450       0.0515       0.0444
     55.1000       0.0438       0.0453       0.0543       0.0530
     55.2000       0.0463       0.0488       0.0415       0.0463
     55.3000       0.0407       0.0530       0.0482       0.0582
     55.4000       0.0470       0.0552       0.0505       0.0506
     55.5000       0.0534       0.0433       0.0564       0.0507
     55.6000       0.0571       0.0510       0.0530       0.0414
     55.7000       0.0514       0.0626       0.0445       0.0559
     55.8000       0.0534       0.0557       0.0488       0.0373
     55.9000       0.0494       0.0524       0.0510       0.0529
     56.0000       0.0504       0.0460       0.0672       0.0468
     56.1000       0.0555       0.0488       0.0531       0.0465
     56.2000       0.0483       0.0532       0.0602       0.0446
     56.3000       0.0463       0.0607       0.0469       0.0480
     56.4000       0.0378       0.0655       0.0481       0.0492
     56.5000       0.0483       0.0612       0.0537       0.0449
     56.6000       0.0550       0.0721       0.0510       0.0462
     56.7000       0.0548       0.0558       0.0534       0.0501
     56.8000       0.0667       0.0628       0.0466       0.0480
     56.9000       0.0449       0.0722       0.0577       0.0453
     57.0000       0.0495       0.0490       0.0458       0.0458
     57.1000       0.0471       0.0527       0.0504       0.0480
     57.2000       0.0625       0.0521       0.0614       0.0518
     57.3000       0.0530       0.0589       0.0508       0.0423
     57.4000       0.0453       0.0580       0.0508       0.0541
     57.5000       0.0527       0.0580       0.0482       0.0510
     57.6000       0.0551       0.0534       0.0434       0.0514
     57.7000       0.0537       0.0555       0.0436       0.0448
     57.8000       0.0498       0.0465       0.0478       0.0590
     57.9000       0.0457       0.0586       0.0553       0.0486
     58.0000       0.0492       0.0718       0.0497       0.0463
     58.1000       0.0454       0.0722       0.0456       0.0434
     58.2000       0.0488       0.0529       0.0440       0.0474
     58.3000       0.0451       0.0547       0.0555       0.0438
     58.4000       0.0450       0.0460       0.0476       0.0432
     58.5000       0.0431       0.0613       0.0511       0.0515
     58.6000       0.0480       0.0620       0.0436       0.0516
     58.7000       0.0486       0.0540       0.0464       0.0500
     58.8000       0.0409       0.0617       0.0418       0.0432
     58.9000       0.0533       0.0564       0.0449       0.0437
     59.0000       0.0443       0.0576       0.0534       0.0493
     59.1000       0.0474       0.0499       0.0453       0.0473
     59.2000       0.0448       0.0506       0.0443       0.0484
     59.3000       0.0484       0.0500       0.0426       0.0487
     59.4000       0.0511       0.0502       0.0464       0.0674
     59.5000       0.0502       0.0462       0.0479       0.0518
     59.6000       0.0430       0.0460       0.0520       0.0420
     59.7000       0.0420       0.0594       0.0427       0.0444
     59.8000       0.0468       0.0497       0.0490       0.0496
     59.9000       0.0514       0.0461       0.0566       0.0454
     60.0000       0.0573       0.0517       0.0534       0.0511
     60.1000       0.0438       0.0530       0.0565       0.0505
     60.2000       0.0480       0.0549       0.0513       0.0455
     60.3000       0.0450       0.0550       0.0525       0.0431
     60.4000       0.0604       0.0468       0.0463       0.0471
     60.5000       0.0604       0.0523       0.0602       0.0545
     60.6000       0.0643       0.0453       0.0535       0.0419
     60.7000       0.0443       0.0553       0.0445       0.0430
     60.8000       0.0519       0.0573       0.0539       0.0502
     60.9000       0.0499       0.0536       0.0522       0.0509
     61.0000       0.0493       0.0450       0.0608       0.0552
     61.1000       0.0444       0.0489       0.0466       0.0445
     61.2000       0.0508       0.0520       0.0506       0.0456
     61.3000       0.0468       0.0496       0.0475       0.0453
     61.4000       0.0510       0.0563       0.0539       0.0538
     61.5000       0.0523       0.0481       0.0494       0.0511
     61.6000       0.0530       0.0503       0.0606       0.0462
     61.7000       0.0572       0.0542       0.0466       0.0444
     61.8000       0.0485       0.0468       0.0548       0.0605
     61.9000       0.0486       0.0561       0.0546       0.0545
     62.0000       0.0468       0.0481       0.0564       0.0531
     62.1000       0.0545       0.0503       0.0568       0.0542
     62.2000       0.0457       0.0527       0.0559       0.0475
     62.3000       0.0548       0.0449       0.0510       0.0615
     62.4000       0.0510       0.0534       0.0559       0.0481
     62.5000       0.0452       0.0497       0.0474       0.0523
     62.6000       0.0479       0.0507       0.0482       0.0564
     62.7000       0.0457       0.0560       0.0554       0.0510
     62.8000       0.0448       0.0492       0.0513       0.0457
     62.9000       0.0444       0.0570       0.0517       0.0470
     63.0000       0.0457       0.0615       0.0530       0.0529
     63.1000       0.0471       0.0587       0.0449       0.0502
     63.2000       0.0445       0.0532       0.0527       0.0530
     63.3000       0.0488       0.0444       0.0531       0.0499
     63.4000       0.0451       0.0548       0.0541       0.0432
     63.5000       0.0468       0.0541       0.0443       0.0531
     63.6000       0.0439       0.0542       0.0549       0.0496
     63.7000       0.0510       0.0510       0.0532       0.0640
     63.8000       0.0433       0.0529       0.0545       0.0491
     63.9000       0.0458       0.0495       0.0509       0.0521
     64.0000       0.0495       0.0617       0.0469       0.0502
     64.1000       0.0448       0.0597       0.0528       0.0583
     64.2000       0.0468       0.0520       0.0506       0.0425
     64.3000       0.0392       0.0557       0.0556       0.0419
     64.4000       0.0498       0.0518       0.0511       0.0563
     64.5000       0.0435       0.0479       0.0521       0.0451
     64.6000       0.0498       0.0581       0.0520       0.0534
     64.7000       0.0468       0.0632       0.0508       0.0508
     64.8000       0.0517       0.0518       0.0463       0.0442
     64.9000       0.0557       0.0512       0.0506       0.0473
     65.0000       0.0586       0.0526       0.0521       0.0514
     65.1000       0.0523       0.0432       0.0491       0.0461
     65.2000       0.0475       0.0610       0.0629       0.0512
     65.3000       0.0424       0.0625       0.0478       0.0434
     65.4000       0.0486       0.0481       0.0553       0.0490
     65.5000       0.0511       0.0493       0.0502       0.0460
     65.6000       0.0496       0.0555       0.0535       0.0485
     65.7000       0.0420       0.0466       0.0629       0.0458
     65.8000       0.0447       0.0606       0.0510       0.0441
     65.9000       0.0513       0.0577       0.0571       0.0468
     66.0000       0.0478       0.0558       0.0526       0.0539
     66.1000       0.0464       0.0605       0.0587       0.0432
     66.2000       0.0472       0.0581       0.0520       0.0459
     66.3000       0.0422       0.0653       0.0524       0.0482
     66.4000       0.0463       0.0672       0.0499       0.0516
     66.5000       0.0495       0.0597       0.0545       0.0413
     66.6000       0.0515       0.0568       0.0482       0.0542
     66.7000       0.0492       0.0533       0.0547       0.0472
     66.8000       0.0452       0.0504       0.0548       0.0560
     66.9000       0.0447       0.0579       0.0525       0.0461
     67.0000       0.0502       0.0538       0.0528       0.0420
     67.1000       0.0486       0.0578       0.0515       0.0511
     67.2000       0.0485       0.0633       0.0459       0.0536
     67.3000       0.0525       0.0609       0.0581       0.0637
     67.4000       0.0479       0.0536       0.0511       0.0413
     67.5000       0.0415       0.0580       0.0641       0.0455
     67.6000       0.0443       0.0640       0.0464       0.0496
     67.7000       0.0474       0.0460       0.0507       0.0431
     67.8000       0.0471       0.0551       0.0613       0.0535
     67.9000       0.0518       0.0623       0.0473       0.0405
     68.0000       0.0457       0.0593       0.0601       0.0529
     68.1000       0.0427       0.0684       0.0529       0.0433
     68.2000       0.0458       0.0610       0.0501       0.0514
     68.3000       0.0512       0.0628       0.0577       0.0492
     68.4000       0.0537       0.0494       0.0480       0.0431
     68.5000       0.0426       0.0637       0.0605       0.0498
     68.6000       0.0376       0.0577       0.0498       0.0404
     68.7000       0.0519       0.0595       0.0519       0.0531
     68.8000       0.0568       0.0507       0.0521       0.0460
     68.9000       0.0514       0.0526       0.0531       0.0546
     69.0000       0.0479       0.0611       0.0495       0.0485
     69.1000       0.0472       0.0650       0.0481       0.0678
     69.2000       0.0346       0.0599       0.0534       0.0488
     69.3000       0.0559       0.0574       0.0547       0.0455
     69.4000       0.0501       0.0557       0.0513       0.0447
     69.5000       0.0476       0.0573       0.0490       0.0447
     69.6000       0.0478       0.0612       0.0525       0.0518
     69.7000       0.0462       0.0619       0.0491       0.0552
     69.8000       0.0530       0.0608       0.0509       0.0551
     69.9000       0.0549       0.0527       0.0512       0.0437
     70.0000       0.0478       0.0567       0.0509       0.0468
     70.1000       0.0500       0.0607       0.0498       0.0425
     70.2000       0.0461       0.0518       0.0550       0.0423
     70.3000       0.0583       0.0516       0.0550       0.0507
     70.4000       0.0635       0.0577       0.0502       0.0531
     70.5000       0.0519       0.0504       0.0478       0.0492
     70.6000       0.0487       0.0566       0.0436       0.0445
     70.7000       0.0445       0.0586       0.0515       0.0514
     70.8000       0.0513       0.0592       0.0532       0.0408
     70.9000       0.0521       0.0501       0.0520       0.0492
     71.0000       0.0550       0.0509       0.0470       0.0487
     71.1000       0.0532       0.0559       0.0544       0.0503
     71.2000       0.0562       0.0496       0.0497       0.0486
     71.3000       0.0485       0.0607       0.0471       0.0413
     71.4000       0.0628       0.0565       0.0482       0.0541
     71.5000       0.0563       0.0552       0.0519       0.0487
     71.6000       0.0474       0.0507       0.0491       0.0518
     71.7000       0.0576       0.0425       0.0532       0.0538
     71.8000       0.0523       0.0522       0.0441       0.0413
     71.9000       0.0615       0.0540       0.0589       0.0516
     72.0000       0.0442       0.0637       0.0470       0.0454
     72.1000       0.0540       0.0549       0.0504       0.0443
     72.2000       0.0509       0.0610       0.0458       0.0469
     72.3000       0.0530       0.0500       0.0419       0.0526
     72.4000       0.0583       0.0495       0.0527       0.0464
     72.5000       0.0493       0.0547       0.0437       0.0466
     72.6000       0.0524       0.0528       0.0521       0.0515
     72.7000       0.0476       0.0538       0.0526       0.0408
     72.8000       0.0521       0.0546       0.0445       0.0492
     72.9000       0.0497       0.0594       0.0501       0.0446
     73.0000       0.0511       0.0560       0.0487       0.0533
     73.1000       0.0515       0.0545       0.0531       0.0413
     73.2000       0.0485       0.0489       0.0475       0.0451
     73.3000       0.0461       0.0470       0.0534       0.0472
     73.4000       0.0569       0.0479       0.0445       0.0497
     73.5000       0.0446       0.0509       0.0508       0.0506
     73.6000       0.0552       0.0538       0.0521       0.0434
     73.7000       0.0555       0.0492       0.0541       0.0496
     73.8000       0.0450       0.0468       0.0514       0.0485
     73.9000       0.0526       0.0555       0.0480       0.0464
     74.0000       0.0496       0.0578       0.0579       0.0467
     74.1000       0.0524       0.0504       0.0432       0.0481
     74.2000       0.0546       0.0536       0.0536       0.0470
     74.3000       0.0582       0.0542       0.0526       0.0429
     74.4000       0.0561       0.0606       0.0670       0.0470
     74.5000       0.0611       0.0557       0.0514       0.0433
     74.6000       0.0557       0.0568       0.0536       0.0379
     74.7000       0.0515       0.0621       0.0492       0.0527
     74.8000       0.0513       0.0535       0.0569       0.0398
     74.9000       0.0520       0.0630       0.0505       0.0370
     75.0000       0.0572       0.0570       0.0467       0.0476
     75.1000       0.0556       0.0598       0.0559       0.0472
     75.2000       0.0456       0.0455       0.0491       0.0424
     75.3000       0.0502       0.0548       0.0501       0.0416
     75.4000       0.0589       0.0592       0.0504       0.0430
     75.5000       0.0519       0.0590       0.0476       0.0494
     75.6000       0.0494       0.0598       0.0472       0.0425
     75.7000       0.0531       0.0469       0.0524       0.0467
     75.8000       0.0521       0.0525       0.0510       0.0390
     75.9000       0.0512       0.0537       0.0514       0.0384
     76.0000       0.0545       0.0545       0.0505       0.0424
     76.1000       0.0493       0.0560       0.0468       0.0398
     76.2000       0.0486       0.0532       0.0510       0.0420
     76.3000       0.0559       0.0477       0.0485       0.0398
     76.4000       0.0642       0.0486       0.0460       0.0371
     76.5000       0.0561       0.0472       0.0597       0.0431
     76.6000       0.0560       0.0480       0.0469       0.0454
     76.7000       0.0485       0.0538       0.0560       0.0371
     76.8000       0.0546       0.0548       0.0500       0.0438
     76.9000       0.0612       0.0491       0.0452       0.0436
     77.0000       0.0518       0.0576       0.0527       0.0400
     77.1000       0.0524       0.0487       0.0463       0.0501
     77.2000       0.0517       0.0478       0.0591       0.0399
     77.3000       0.0437       0.0681       0.0484       0.0467
     77.4000       0.0539       0.0562       0.0491       0.0424
     77.5000       0.0637       0.0571       0.0519       0.0468
     77.6000       0.0476       0.0529       0.0447       0.0448
     77.7000       0.0596       0.0506       0.0533       0.0432
     77.8000       0.0482       0.0535       0.0498       0.0376
     77.9000       0.0521       0.0525       0.0495       0.0427
     78.0000       0.0526       0.0565       0.0486       0.0458
     78.1000       0.0596       0.0526       0.0505       0.0419
     78.2000       0.0413       0.0491       0.0480       0.0409
     78.3000       0.0428       0.0467       0.0523       0.0437
     78.4000       0.0471       0.0465       0.0478       0.0472
     78.5000       0.0529       0.0502       0.0553       0.0455
     78.6000       0.0538       0.0481       0.0483       0.0434
     78.7000       0.0464       0.0511       0.0544       0.0505
     78.8000       0.0450       0.0484       0.0459       0.0474
     78.9000       0.0451       0.0513       0.0493       0.0441
     79.0000       0.0599       0.0524       0.0505       0.0401
     79.1000       0.0631       0.0514       0.0541       0.0458
     79.2000       0.0698       0.0517       0.0500       0.0423
     79.3000       0.0582       0.0509       0.0489       0.0449
     79.4000       0.0500       0.0544       0.0460       0.0459
     79.5000       0.0524       0.0507       0.0520       0.0449
     79.6000       0.0479       0.0471       0.0531       0.0395
     79.7000       0.0544       0.0469       0.0449       0.0442
     79.8000       0.0517       0.0424       0.0473       0.0465
     79.9000       0.0494       0.0454       0.0469       0.0378
     80.0000       0.0509       0.0554       0.0490       0.0512
     80.1000       0.0509       0.0536       0.0475       0.0521
     80.2000       0.0505       0.0503       0.0420       0.0584
     80.3000       0.0525       0.0469       0.0578       0.0371
     80.4000       0.0538       0.0583       0.0450       0.0429
     80.5000       0.0421       0.0461       0.0512       0.0465
     80.6000       0.0495       0.0527       0.0477       0.0418
     80.7000       0.0491       0.0514       0.0481       0.0425
     80.8000       0.0647       0.0537       0.0457       0.0473
     80.9000       0.0612       0.0531       0.0468       0.0436
     81.0000       0.0616       0.0518       0.0496       0.0440
     81.1000       0.0453       0.0492       0.0499       0.0470
     81.2000       0.0433       0.0547       0.0444       0.0514
     81.3000       0.0515       0.0487       0.0509       0.0391
     81.4000       0.0530       0.0505       0.0479       0.0457
     81.5000       0.0441       0.0500       0.0518       0.0446
     81.6000       0.0504       0.0563       0.0483       0.0435
     81.7000       0.0525       0.0500       0.0512       0.0455
     81.8000       0.0547       0.0515       0.0461       0.0392
     81.9000       0.0538       0.0466       0.0480       0.0483
     82.0000       0.0531       0.0520       0.0497       0.0472
     82.1000       0.0612       0.0542       0.0472       0.0432
     82.2000       0.0488       0.0576       0.0426       0.0448
     82.3000       0.0593       0.0515       0.0585       0.0407
     82.4000       0.0771       0.0516       0.0529       0.0490
     82.5000       0.0601       0.0433       0.0484       0.0486
     82.6000       0.0543       0.0529       0.0476       0.0407
     82.7000       0.0535       0.0548       0.0457       0.0562
     82.8000       0.0651       0.0513       0.0484       0.0432
     82.9000       0.0638       0.0487       0.0507       0.0440
     83.0000       0.0651       0.0515       0.0509       0.0502
     83.1000       0.0574       0.0575       0.0463       0.0443
     83.2000       0.0535       0.0623       0.0504       0.0488
     83.3000       0.0463       0.0652       0.0490       0.0448
     83.4000       0.0608       0.0534       0.0513       0.0509
     83.5000       0.0646       0.0615       0.0524       0.0459
     83.6000       0.0557       0.0500       0.0477       0.0449
     83.7000       0.0510       0.0532       0.0476       0.0427
     83.8000       0.0542       0.0583       0.0570       0.0511
     83.9000       0.0523       0.0557       0.0465       0.0471
     84.0000       0.0472       0.0557       0.0458       0.0475
     84.1000       0.0486       0.0525       0.0538       0.0455
     84.2000       0.0479       0.0608       0.0470       0.0448
     84.3000       0.0499       0.0592       0.0493       0.0472
     84.4000       0.0448       0.0630       0.0476       0.0413
     84.5000       0.0520       0.0547       0.0469       0.0533
     84.6000       0.0636       0.0634       0.0546       0.0434
     84.7000       0.0570       0.0520       0.0476       0.0523
     84.8000       0.0548       0.0674       0.0462       0.0439
     84.9000       0.0506       0.0547       0.0531       0.0498
     85.0000       0.0536       0.0506       0.0479       0.0465
     85.1000       0.0422       0.0630       0.0502       0.0441
     85.2000       0.0533       0.0612       0.0426       0.0536
     85.3000       0.0515       0.0506       0.0522       0.0440
     85.4000       0.0490       0.0544       0.0487       0.0484
     85.5000       0.0448       0.0556       0.0427       0.0457
     85.6000       0.0548       0.0606       0.0473       0.0642
     85.7000       0.0442       0.0506       0.0559       0.0518
     85.8000       0.0460       0.0629       0.0561       0.0478
     85.9000       0.0493       0.0522       0.0498       0.0452
     86.0000       0.0465       0.0596       0.0440       0.0468
     86.1000       0.0555       0.0584       0.0487       0.0396
     86.2000       0.0565       0.0634       0.0533       0.0451
     86.3000       0.0420       0.0692       0.0553       0.0487
     86.4000       0.0425       0.0659       0.0446       0.0543
     86.5000       0.0484       0.0609       0.0469       0.0467
     86.6000       0.0591       0.0538       0.0467       0.0488
     86.7000       0.0634       0.0586       0.0511       0.0436
     86.8000       0.0477       0.0542       0.0539       0.0405
     86.9000       0.0451       0.0529       0.0382       0.0485
     87.0000       0.0511       0.0598       0.0477       0.0508
     87.1000       0.0504       0.0667       0.0476       0.0535
     87.2000       0.0670       0.0492       0.0489       0.0493
     87.3000       0.0489       0.0477       0.0518       0.0536
     87.4000       0.0550       0.0564       0.0493       0.0496
     87.5000       0.0493       0.0558       0.0440       0.0513
     87.6000       0.0441       0.0527       0.0579       0.0458
     87.7000       0.0522       0.0501       0.0527       0.0438
     87.8000       0.0563       0.0617       0.0536       0.0411
     87.9000       0.0406       0.0551       0.0460       0.0477
     88.0000       0.0390       0.0568       0.0510       0.0519
     88.1000       0.0454       0.0542       0.0558       0.0386
     88.2000       0.0489       0.0547       0.0499       0.0491
     88.3000       0.0514       0.0505       0.0472       0.0521
     88.4000       0.0505       0.0535       0.0491       0.0424
     88.5000       0.0479       0.0558       0.0491       0.0432
     88.6000       0.0435       0.0560       0.0541       0.0469
     88.7000       0.0419       0.0590       0.0422       0.0534
     88.8000       0.0476       0.0540       0.0479       0.0582
     88.9000       0.0556       0.0408       0.0488       0.0500
     89.0000       0.0470       0.0538       0.0496       0.0445
     89.1000       0.0439       0.0524       0.0565       0.0382
     89.2000       0.0447       0.0603       0.0442       0.0489
     89.3000       0.0505       0.0543       0.0496       0.0543
     89.4000       0.0412       0.0591       0.0489       0.0535
     89.5000       0.0431       0.0498       0.0566       0.0456
     89.6000       0.0488       0.0516       0.0507       0.0456
     89.7000       0.0455       0.0600       0.0465       0.0453
     89.8000       0.0546       0.0585       0.0494       0.0442
     89.9000       0.0483       0.0511       0.0501       0.0531
     90.0000       0.0467       0.0534       0.0527       0.0468
     90.1000       0.0391       0.0624       0.0511       0.0485
     90.2000       0.0434       0.0488       0.0513       0.0481
     90.3000       0.0538       0.0624       0.0572       0.0450
     90.4000       0.0501       0.0541       0.0462       0.0438
     90.5000       0.0454       0.0541       0.0498       0.0500
     90.6000       0.0435       0.0520       0.0559       0.0517
     90.7000       0.0442       0.0515       0.0480       0.0541
     90.8000       0.0453       0.0564       0.0445       0.0463
     90.9000       0.0456       0.0542       0.0516       0.0425
     91.0000       0.0518       0.0595       0.0511       0.0476
     91.1000       0.0464       0.0520       0.0554       0.0445
     91.2000       0.0525       0.0498       0.0424       0.0508
     91.3000       0.0409       0.0608       0.0541       0.0436
     91.4000       0.0470       0.0717       0.0547       0.0484
     91.5000       0.0458       0.0568       0.0585       0.0512
     91.6000       0.0459       0.0544       0.0515       0.0503
     91.7000       0.0459       0.0485       0.0625       0.0427
     91.8000       0.0474       0.0548       0.0531       0.0428
     91.9000       0.0438       0.0614       0.0616       0.0543
     92.0000       0.0432       0.0695       0.0471       0.0477
     92.1000       0.0510       0.0650       0.0528       0.0503
     92.2000       0.0497       0.0526       0.0541       0.0466
     92.3000       0.0487       0.0513       0.0471       0.0576
     92.4000       0.0433       0.0552       0.0555       0.0460
     92.5000       0.0486       0.0708       0.0508       0.0505
     92.6000       0.0478       0.0659       0.0496       0.0418
     92.7000       0.0482       0.0542       0.0484       0.0499
     92.8000       0.0491       0.0524       0.0491       0.0487
     92.9000       0.0427       0.0643       0.0550       0.0498
     93.0000       0.0504       0.0601       0.0481       0.0417
     93.1000       0.0562       0.0699       0.0471       0.0449
     93.2000       0.0467       0.0600       0.0518       0.0479
     93.3000       0.0539       0.0611       0.0600       0.0506
     93.4000       0.0452       0.0588       0.0477       0.0415
     93.5000       0.0473       0.0539       0.0553       0.0425
     93.6000       0.0509       0.0517       0.0416       0.0531
     93.7000       0.0483       0.0600       0.0520       0.0455
     93.8000       0.0584       0.0597       0.0490       0.0543
     93.9000       0.0566       0.0508       0.0526       0.0521
     94.0000       0.0483       0.0525       0.0510       0.0453
     94.1000       0.0467       0.0581       0.0449       0.0441
     94.2000       0.0444       0.0585       0.0446       0.0431
     94.3000       0.0458       0.0515       0.0528       0.0510
     94.4000       0.0541       0.0490       0.0514       0.0540
     94.5000       0.0491       0.0596       0.0496       0.0461
     94.6000       0.0528       0.0610       0.0455       0.0470
     94.7000       0.0405       0.0603       0.0532       0.0446
     94.8000       0.0435       0.0575       0.0482       0.0478
     94.9000       0.0538       0.0517       0.0546       0.0378
     95.0000       0.0461       0.0539       0.0452       0.0489
     95.1000       0.0509       0.0580       0.0462       0.0557
     95.2000       0.0416       0.0590       0.0438       0.0491
     95.3000       0.0492       0.0580       0.0513       0.0372
     95.4000       0.0470       0.0575       0.0522       0.0466
     95.5000       0.0607       0.0486       0.0490       0.0534
     95.6000       0.0536       0.0481       0.0517       0.0404
     95.7000       0.0674       0.0549       0.0414       0.0536
     95.8000       0.0546       0.0632       0.0508       0.0480
     95.9000       0.0466       0.0617       0.0520       0.0484
     96.0000       0.0517       0.0541       0.0422       0.0402
     96.1000       0.0494       0.0587       0.0429       0.0482
     96.2000       0.0468       0.0445       0.0475       0.0560
     96.3000       0.0469       0.0474       0.0541       0.0464
     96.4000       0.0449       0.0593       0.0494       0.0472
     96.5000       0.0505       0.0685       0.0467       0.0529
     96.6000       0.0460       0.0670       0.0443       0.0480
     96.7000       0.0450       0.0495       0.0453       0.0643
     96.8000       0.0507       0.0690       0.0515       0.0486
     96.9000       0.0476       0.0591       0.0523       0.0542
     97.0000       0.0466       0.0582       0.0456       0.0509
     97.1000       0.0608       0.0505       0.0462       0.0477
     97.2000       0.0564       0.0605       0.0501       0.0459
     97.3000       0.0569       0.0559       0.0500       0.0445
     97.4000       0.0490       0.0403       0.0460       0.0387
     97.5000       0.0466       0.0476       0.0475       0.0455
     97.6000       0.0511       0.0538       0.0509       0.0593
     97.7000       0.0523       0.0522       0.0550       0.0456
     97.8000       0.0551       0.0522       0.0521       0.0452
     97.9000       0.0472       0.0482       0.0452       0.0440
     98.0000       0.0560       0.0509       0.0484       0.0519
     98.1000       0.0543       0.0499       0.0492       0.0445
     98.2000       0.0574       0.0487       0.0517       0.0578
     98.3000       0.0416       0.0442       0.0536       0.0440
     98.4000       0.0478       0.0542       0.0491       0.0447
     98.5000       0.0435       0.0633       0.0583       0.0481
     98.6000       0.0476       0.0494       0.0565       0.0479
     98.7000       0.0593       0.0440       0.0602       0.0465
     98.8000       0.0462       0.0552       0.0450       0.0462
     98.9000       0.0480       0.0606       0.0486       0.0508
     99.0000       0.0518       0.0546       0.0492       0.0583
     99.1000       0.0512       0.0573       0.0510       0.0576
     99.2000       0.0574       0.0597       0.0638       0.0411
     99.3000       0.0577       0.0562       0.0439       0.0548
     99.4000       0.0459       0.0478       0.0465       0.0554
     99.5000       0.0451       0.0503       0.0528       0.0578
     99.6000       0.0462       0.0547       0.0517       0.0395
     99.7000       0.0507       0.0515       0.0563       0.0469
     99.8000       0.0606       0.0570       0.0457       0.0489
     99.9000       0.0536       0.0478       0.0481       0.0473
    100.0000       0.0566       0.0542       0.0468       0.0448
    100.1000       0.0438       0.0519       0.0518       0.0472
    100.2000       0.0535       0.0566       0.0505       0.0530
    100.3000       0.0504       0.0564       0.0489       0.0408
    100.4000       0.0666       0.0548       0.0521       0.0533
    100.5000       0.0489       0.0597       0.0503       0.0484
    100.6000       0.0462       0.0591       0.0558       0.0533
    100.7000       0.0477       0.0535       0.0530       0.0438
    100.8000       0.0469       0.0589       0.0475       0.0561
    100.9000       0.0455       0.0586       0.0483       0.0507
    101.0000       0.0622       0.0558       0.0528       0.0373
    101.1000       0.0652       0.0597       0.0536       0.0548
    101.2000       0.0357       0.0493       0.0487       0.0582
    101.3000       0.0499       0.0557       0.0489       0.0489
    101.4000       0.0551       0.0656       0.0499       0.0443
    101.5000       0.0458       0.0555       0.0533       0.0454
    101.6000       0.0474       0.0516       0.0497       0.0469
    101.7000       0.0460       0.0579       0.0479       0.0523
    101.8000       0.0460       0.0555       0.0527       0.0552
    101.9000       0.0524       0.0596       0.0419       0.0398
    102.0000       0.0501       0.0524       0.0562       0.0437
    102.1000       0.0510       0.0485       0.0541       0.0441
    102.2000       0.0456       0.0454       0.0454       0.0565
    102.3000       0.0417       0.0443       0.0520       0.0442
    102.4000       0.0516       0.0553       0.0526       0.0478
    102.5000       0.0546       0.0536       0.0524       0.0476
    102.6000       0.0521       0.0515       0.0664       0.0412
    102.7000       0.0506       0.0496       0.0412       0.0470
    102.8000       0.0469       0.0585       0.0506       0.0463
    102.9000       0.0510       0.0532       0.0482       0.0496
    103.0000       0.0534       0.0491       0.0508       0.0513
    103.1000       0.0461       0.0552       0.0498       0.0383
    103.2000       0.0596       0.0529       0.0569       0.0442
    103.3000       0.0433       0.0418       0.0467       0.0522
    103.4000       0.0470       0.0510       0.0426       0.0488
    103.5000       0.0480       0.0497       0.0567       0.0637
    103.6000       0.0451       0.0593       0.0535       0.0555
    103.7000       0.0513       0.0525       0.0463       0.0537
    103.8000       0.0554       0.0422       0.0504       0.0414
    103.9000       0.0460       0.0496       0.0477       0.0492
    104.0000       0.0469       0.0508       0.0613       0.0471
    104.1000       0.0479       0.0510       0.0473       0.0496
    104.2000       0.0477       0.0479       0.0522       0.0458
    104.3000       0.0573       0.0576       0.0484       0.0421
    104.4000       0.0428       0.0663       0.0595       0.0515
    104.5000       0.0497       0.0539       0.0529       0.0444
    104.6000       0.0501       0.0476       0.0464       0.0454
    104.7000       0.0537       0.0563       0.0443       0.0477
    104.8000       0.0656       0.0520       0.0472       0.0513
    104.9000       0.0535       0.0501       0.0567       0.0480
    105.0000       0.0531       0.0582       0.0577       0.0448
    105.1000       0.0532       0.0547       0.0486       0.0425
    105.2000       0.0453       0.0532       0.0429       0.0430
    105.3000       0.0557       0.0551       0.0475       0.0518
    105.4000       0.0462       0.0584       0.0567       0.0541
    105.5000       0.0395       0.0489       0.0577       0.0476
    105.6000       0.0460       0.0480       0.0474       0.0402
    105.7000       0.0492       0.0518       0.0477       0.0472
    105.8000       0.0527       0.0472       0.0462       0.0567
    105.9000       0.0491       0.0603       0.0550       0.0504
    106.0000       0.0484       0.0519       0.0508       0.0429
    106.1000       0.0431       0.0489       0.0437       0.0425
    106.2000       0.0497       0.0515       0.0564       0.0534
    106.3000       0.0469       0.0477       0.0505       0.0460
    106.4000       0.0560       0.0667       0.0533       0.0557
    106.5000       0.0504       0.0513       0.0426       0.0481
    106.6000       0.0452       0.0509       0.0524       0.0551
    106.7000       0.0438       0.0623       0.0484       0.0485
    106.8000       0.0510       0.0573       0.0485       0.0443
    106.9000       0.0482       0.0543       0.0539       0.0448
    107.0000       0.0435       0.0659       0.0524       0.0475
    107.1000       0.0547       0.0581       0.0479       0.0500
    107.2000       0.0448       0.0526       0.0415       0.0456
    107.3000       0.0453       0.0429       0.0520       0.0472
    107.4000       0.0428       0.0472       0.0586       0.0467
    107.5000       0.0613       0.0607       0.0491       0.0438
    107.6000       0.0464       0.0693       0.0485       0.0508
    107.7000       0.0505       0.0635       0.0467       0.0520
    107.8000       0.0489       0.0626       0.0447       0.0438
    107.9000       0.0695       0.0581       0.0462       0.0456
    108.0000       0.0506       0.0499       0.0471       0.0490
    108.1000       0.0700       0.0650       0.0490       0.0506
    108.2000       0.0502       0.0566       0.0463       0.0495
    108.3000       0.0561       0.0518       0.0469       0.0481
    108.4000       0.0411       0.0498       0.0446       0.0436
    108.5000       0.0490       0.0422       0.0471       0.0557
    108.6000       0.0573       0.0488       0.0457       0.0510
    108.7000       0.0432       0.0701       0.0486       0.0500
    108.8000       0.0395       0.0596       0.0460       0.0434
    108.9000       0.0444       0.0539       0.0509       0.0501
    109.0000       0.0446       0.0504       0.0504       0.0511
    109.1000       0.0440       0.0546       0.0488       0.0415
    109.2000       0.0474       0.0532       0.0475       0.0572
    109.3000       0.0501       0.0604       0.0463       0.0478
    109.4000       0.0490       0.0558       0.0488       0.0489
    109.5000       0.0364       0.0610       0.0501       0.0473
    109.6000       0.0487       0.0563       0.0415       0.0508
    109.7000       0.0456       0.0470       0.0512       0.0491
    109.8000       0.0469       0.0577       0.0436       0.0498
    109.9000       0.0529       0.0586       0.0475       0.0478
    110.0000       0.0424       0.0533       0.0540       0.0517
    110.1000       0.0475       0.0619       0.0434       0.0437
    110.2000       0.0501       0.0531       0.0463       0.0478
    110.3000       0.0476       0.0565       0.0524       0.0527
    110.4000       0.0534       0.0624       0.0432       0.0570
    110.5000       0.0446       0.0574       0.0413       0.0374
    110.6000       0.0471       0.0493       0.0439       0.0509
    110.7000       0.0538       0.0500       0.0538       0.0460
    110.8000       0.0475       0.0627       0.0519       0.0559
    110.9000       0.0427       0.0660       0.0460       0.0482
    111.0000       0.0485       0.0544       0.0416       0.0487
    111.1000       0.0447       0.0459       0.0577       0.0366
    111.2000       0.0417       0.0549       0.0507       0.0486
    111.3000       0.0481       0.0498       0.0567       0.0556
    111.4000       0.0416       0.0510       0.0480       0.0447
    111.5000       0.0484       0.0648       0.0502       0.0411
    111.6000       0.0517       0.0640       0.0461       0.0486
    111.7000       0.0481       0.0485       0.0589       0.0453
    111.8000       0.0487       0.0517       0.0554       0.0474
    111.9000       0.0416       0.0610       0.0422       0.0459
    112.0000       0.0533       0.0671       0.0507       0.0507
    112.1000       0.0455       0.0568       0.0540       0.0399
    112.2000       0.0495       0.0529       0.0659       0.0537
    112.3000       0.0437       0.0549       0.0503       0.0453
    112.4000       0.0498       0.0460       0.0560       0.0477
    112.5000       0.0426       0.0628       0.0467       0.0360
    112.6000       0.0494       0.0563       0.0591       0.0482
    112.7000       0.0484       0.0538       0.0471       0.0539
    112.8000       0.0429       0.0578       0.0500       0.0493
    112.9000       0.0420       0.0437       0.0460       0.0398
    113.0000       0.0510       0.0434       0.0498       0.0430
    113.1000       0.0576       0.0571       0.0484       0.0489
    113.2000       0.0415       0.0519       0.0522       0.0466
    113.3000       0.0510       0.0602       0.0530       0.0425
    113.4000       0.0455       0.0624       0.0513       0.0542
    113.5000       0.0564       0.0550       0.0523       0.0523
    113.6000       0.0491       0.0532       0.0497       0.0503
    113.7000       0.0589       0.0426       0.0477       0.0549
    113.8000       0.0502       0.0560       0.0454       0.0418
    113.9000       0.0601       0.0524       0.0594       0.0548
    114.0000       0.0434       0.0534       0.0495       0.0510
    114.1000       0.0579       0.0552       0.0528       0.0518
    114.2000       0.0448       0.0629       0.0479       0.0438
    114.3000       0.0496       0.0566       0.0593       0.0396
    114.4000       0.0478       0.0530       0.0488       0.0558
    114.5000       0.0471       0.0589       0.0596       0.0451
    114.6000       0.0470       0.0520       0.0514       0.0574
    114.7000       0.0402       0.0541       0.0492       0.0468
    114.8000       0.0520       0.0541       0.0510       0.0451
    114.9000       0.0640       0.0531       0.0478       0.0406
    115.0000       0.0684       0.0554       0.0502       0.0451
    115.1000       0.0516       0.0561       0.0463       0.0488
    115.2000       0.0599       0.0538       0.0483       0.0415
    115.3000       0.0480       0.0476       0.0492       0.0494
    115.4000       0.0454       0.0599       0.0475       0.0526
    115.5000       0.0528       0.0482       0.0524       0.0540
    115.6000       0.0558       0.0549       0.0479       0.0436
    115.7000       0.0670       0.0549       0.0470       0.0358
    115.8000       0.0652       0.0467       0.0488       0.0471
    115.9000       0.0474       0.0599       0.0567       0.0552
    116.0000       0.0443       0.0530       0.0571       0.0416
    116.1000       0.0490       0.0560       0.0518       0.0427
    116.2000       0.0530       0.0541       0.0474       0.0467
    116.3000       0.0544       0.0564       0.0500       0.0441
    116.4000       0.0616       0.0611       0.0545       0.0414
    116.5000       0.0511       0.0420       0.0520       0.0511
    116.6000       0.0513       0.0430       0.0424       0.0501
    116.7000       0.0497       0.0538       0.0504       0.0431
    116.8000       0.0516       0.0614       0.0498       0.0458
    116.9000       0.0554       0.0640       0.0521       0.0498
    117.0000       0.0512       0.0494       0.0516       0.0408
    117.1000       0.0549       0.0447       0.0431       0.0490
    117.2000       0.0509       0.0599       0.0430       0.0468
    117.3000       0.0571       0.0601       0.0452       0.0523
    117.4000       0.0461       0.0732       0.0482       0.0489
    117.5000       0.0477       0.0523       0.0491       0.0423
    117.6000       0.0606       0.0534       0.0513       0.0463
    117.7000       0.0503       0.0551       0.0538       0.0528
    117.8000       0.0562       0.0483       0.0441       0.0535
    117.9000       0.0543       0.0594       0.0511       0.0385
    118.0000       0.0481       0.0632       0.0374       0.0454
    118.1000       0.0511       0.0505       0.0425       0.0494
    118.2000       0.0521       0.0555       0.0480       0.0478
    118.3000       0.0592       0.0521       0.0444       0.0446
    118.4000       0.0607       0.0545       0.0477       0.0510
    118.5000       0.0481       0.0628       0.0529       0.0453
    118.6000       0.0465       0.0583       0.0458       0.0445
    118.7000       0.0442       0.0550       0.0545       0.0495
    118.8000       0.0608       0.0482       0.0514       0.0477
    118.9000       0.0533       0.0532       0.0414       0.0460
    119.0000       0.0577       0.0580       0.0390       0.0493
    119.1000       0.0546       0.0582       0.0447       0.0527
    119.2000       0.0510       0.0538       0.0484       0.0474
    119.3000       0.0418       0.0514       0.0447       0.0462
    119.4000       0.0499       0.0469       0.0452       0.0426
    119.5000       0.0472       0.0673       0.0394       0.0427
    119.6000       0.0466       0.0573       0.0361       0.0573
    119.7000       0.0436       0.0712       0.0464       0.0499
    119.8000       0.0455       0.0741       0.0521       0.0482
    119.9000       0.0487       0.0628       0.0441       0.0472
    120.0000       0.0473       0.0529       0.0397       0.0479
    120.1000       0.0569       0.0596       0.0382       0.0475
    120.2000       0.0472       0.0625       0.0462       0.0468
    120.3000       0.0650       0.0604       0.0523       0.0491
    120.4000       0.0544       0.0576       0.0407       0.0448
    120.5000       0.0663       0.0625       0.0471       0.0540
    120.6000       0.0564       0.0578       0.0426       0.0414
    120.7000       0.0556       0.0511       0.0419       0.0448
    120.8000       0.0440       0.0578       0.0519       0.0446
    120.9000       0.0481       0.0677       0.0542       0.0457
    121.0000       0.0501       0.0508       0.0472       0.0492
    121.1000       0.0488       0.0575       0.0414       0.0490
    121.2000       0.0503       0.0518       0.0492       0.0424
    121.3000       0.0480       0.0652       0.0456       0.0488
    121.4000       0.0583       0.0564       0.0521       0.0450
    121.5000       0.0458       0.0598       0.0478       0.0500
    121.6000       0.0464       0.0581       0.0377       0.0466
    121.7000       0.0525       0.0596       0.0497       0.0497
    121.8000       0.0553       0.0559       0.0581       0.0459
    121.9000       0.0441       0.0554       0.0439       0.0477
    122.0000       0.0472       0.0636       0.0490       0.0445
    122.1000       0.0489       0.0561       0.0413       0.0459
    122.2000       0.0524       0.0540       0.0459       0.0481
    122.3000       0.0503       0.0633       0.0508       0.0475
    122.4000       0.0528       0.0678       0.0465       0.0500
    122.5000       0.0464       0.0608       0.0475       0.0424
    122.6000       0.0480       0.0736       0.0457       0.0552
    122.7000       0.0563       0.0504       0.0496       0.0558
    122.8000       0.0661       0.0547       0.0465       0.0510
    122.9000       0.0721       0.0617       0.0502       0.0536
    123.0000       0.0483       0.0552       0.0471       0.0491
    123.1000       0.0584       0.0556       0.0483       0.0475
    123.2000       0.0456       0.0626       0.0491       0.0390
    123.3000       0.0508       0.0592       0.0470       0.0563
    123.4000       0.0545       0.0576       0.0462       0.0458
    123.5000       0.0512       0.0446       0.0518       0.0495
    123.6000       0.0451       0.0541       0.0498       0.0424
    123.7000       0.0487       0.0658       0.0442       0.0447
    123.8000       0.0444       0.0603       0.0510       0.0409
    123.9000       0.0540       0.0455       0.0486       0.0534
    124.0000       0.0465       0.0525       0.0505       0.0453
    124.1000       0.0496       0.0515       0.0552       0.0481
    124.2000       0.0493       0.0654       0.0472       0.0405
    124.3000       0.0491       0.0661       0.0600       0.0484
    124.4000       0.0520       0.0580       0.0564       0.0454
    124.5000       0.0493       0.0515       0.0576       0.0459
    124.6000       0.0499       0.0486       0.0446       0.0440
    124.7000       0.0471       0.0454       0.0572       0.0455
    124.8000       0.0471       0.0543       0.0502       0.0479
    124.9000       0.0554       0.0632       0.0466       0.0453
    125.0000       0.0529       0.0605       0.0570       0.0446
    125.1000       0.0434       0.0574       0.0458       0.0453
    125.2000       0.0484       0.0620       0.0514       0.0483
    125.3000       0.0501       0.0525       0.0515       0.0427
    125.4000       0.0469       0.0605       0.0474       0.0489
    125.5000       0.0470       0.0645       0.0497       0.0468
    125.6000       0.0555       0.0558       0.0500       0.0421
    125.7000       0.0485       0.0504       0.0535       0.0444
    125.8000       0.0518       0.0473       0.0497       0.0422
    125.9000       0.0413       0.0565       0.0490       0.0481
    126.0000       0.0573       0.0596       0.0549       0.0506
    126.1000       0.0512       0.0492       0.0496       0.0466
    126.2000       0.0555       0.0459       0.0515       0.0422
    126.3000       0.0579       0.0574       0.0538       0.0381
    126.4000       0.0551       0.0512       0.0460       0.0503
    126.5000       0.0480       0.0616       0.0494       0.0555
    126.6000       0.0533       0.0598       0.0515       0.0423
    126.7000       0.0537       0.0513       0.0549       0.0457
    126.8000       0.0483       0.0501       0.0518       0.0418
    126.9000       0.0447       0.0526       0.0501       0.0509
    127.0000       0.0411       0.0492       0.0523       0.0524
    127.1000       0.0546       0.0508       0.0503       0.0452
    127.2000       0.0516       0.0532       0.0600       0.0470
    127.3000       0.0440       0.0540       0.0509       0.0451
    127.4000       0.0561       0.0488       0.0509       0.0482
    127.5000       0.0493       0.0510       0.0491       0.0459
    127.6000       0.0441       0.0524       0.0473       0.0458
    127.7000       0.0498       0.0628       0.0587       0.0521
    127.8000       0.0522       0.0535       0.0529       0.0544
    127.9000       0.0460       0.0585       0.0499       0.0531
    128.0000       0.0450       0.0664       0.0457       0.0582
    128.1000       0.0447       0.0512       0.0522       0.0436
    128.2000       0.0570       0.0549       0.0586       0.0527
    128.3000       0.0424       0.0551       0.0433       0.0490
    128.4000       0.0521       0.0526       0.0577       0.0490
    128.5000       0.0474       0.0512       0.0479       0.0425
    128.6000       0.0392       0.0585       0.0545       0.0472
    128.7000       0.0484       0.0484       0.0549       0.0518
    128.8000       0.0537       0.0469       0.0483       0.0460
    128.9000       0.0421       0.0519       0.0496       0.0477
    129.0000       0.0478       0.0504       0.0442       0.0447
    129.1000       0.0466       0.0548       0.0506       0.0451
    129.2000       0.0445       0.0589       0.0524       0.0536
    129.3000       0.0483       0.0563       0.0577       0.0503
    129.4000       0.0519       0.0477       0.0514       0.0401
    129.5000       0.0532       0.0450       0.0500       0.0487
    129.6000       0.0491       0.0546       0.0508       0.0455
    129.7000       0.0465       0.0583       0.0503       0.0540
    129.8000       0.0585       0.0561       0.0548       0.0447
    129.9000       0.0508       0.0493       0.0479       0.0439
    130.0000       0.0530       0.0507       0.0520       0.0489
    130.1000       0.0438       0.0638       0.0547       0.0518
    130.2000       0.0474       0.0591       0.0485       0.0498
    130.3000       0.0594       0.0595       0.0491       0.0415
    130.4000       0.0548       0.0576       0.0526       0.0397
    130.5000       0.0613       0.0611       0.0520       0.0450
    130.6000       0.0464       0.0633       0.0410       0.0491
    130.7000       0.0552       0.0483       0.0439       0.0428
    130.8000       0.0478       0.0632       0.0521       0.0486
    130.9000       0.0545       0.0618       0.0488       0.0457
    131.0000       0.0440       0.0590       0.0512       0.0397
    131.1000       0.0436       0.0499       0.0471       0.0484
    131.2000       0.0420       0.0414       0.0478       0.0505
    131.3000       0.0503       0.0580       0.0460       0.0400
    131.4000       0.0469       0.0577       0.0457       0.0457
    131.5000       0.0365       0.0593       0.0499       0.0493
    131.6000       0.0458       0.0590       0.0585       0.0446
    131.7000       0.0502       0.0626       0.0478       0.0413
    131.8000       0.0450       0.0544       0.0480       0.0488
    131.9000       0.0412       0.0552       0.0420       0.0456
    132.0000       0.0456       0.0627       0.0496       0.0488
    132.1000       0.0434       0.0584       0.0488       0.0433
    132.2000       0.0483       0.0536       0.0472       0.0385
    132.3000       0.0428       0.0469       0.0464       0.0463
    132.4000       0.0539       0.0662       0.0446       0.0425
    132.5000       0.0502       0.0658       0.0498       0.0496
    132.6000       0.0535       0.0562       0.0524       0.0385
    132.7000       0.0528       0.0495       0.0594       0.0468
    132.8000       0.0484       0.0525       0.0562       0.0403
    132.9000       0.0493       0.0611       0.0428       0.0457
    133.0000       0.0475       0.0619       0.0548       0.0481
    133.1000       0.0538       0.0598       0.0525       0.0468
    133.2000       0.0595       0.0603       0.0506       0.0503
    133.3000       0.0592       0.0559       0.0491       0.0404
    133.4000       0.0492       0.0486       0.0469       0.0503
    133.5000       0.0588       0.0561       0.0537       0.0516
    133.6000       0.0508       0.0673       0.0520       0.0485
    133.7000       0.0517       0.0522       0.0488       0.0412
    133.8000       0.0563       0.0544       0.0554       0.0441
    133.9000       0.0549       0.0514       0.0499       0.0549
    134.0000       0.0513       0.0544       0.0504       0.0490
    134.1000       0.0600       0.0482       0.0529       0.0504
    134.2000       0.0517       0.0522       0.0435       0.0454
    134.3000       0.0495       0.0541       0.0529       0.0458
    134.4000       0.0555       0.0616       0.0522       0.0387
    134.5000       0.0416       0.0568       0.0599       0.0466
    134.6000       0.0613       0.0557       0.0535       0.0446
    134.7000       0.0625       0.0499       0.0511       0.0415
    134.8000       0.0580       0.0476       0.0445       0.0436
    134.9000       0.0559       0.0547       0.0653       0.0536
    135.0000       0.0466       0.0546       0.0567       0.0419
    135.1000       0.0483       0.0657       0.0518       0.0399
    135.2000       0.0587       0.0616       0.0531       0.0430
    135.3000       0.0557       0.0595       0.0449       0.0421
    135.4000       0.0539       0.0506       0.0513       0.0424
    135.5000       0.0478       0.0562       0.0592       0.0467
    135.6000       0.0530       0.0536       0.0503       0.0460
    135.7000       0.0537       0.0604       0.0614       0.0471
    135.8000       0.0589       0.0633       0.0479       0.0434
    135.9000       0.0692       0.0425       0.0524       0.0441
    136.0000       0.0511       0.0428       0.0572       0.0447
    136.1000       0.0530       0.0579       0.0502       0.0445
    136.2000       0.0545       0.0576       0.0491       0.0445
    136.3000       0.0521       0.0571       0.0480       0.0436
    136.4000       0.0513       0.0569       0.0673       0.0433
    136.5000       0.0497       0.0458       0.0529       0.0469
    136.6000       0.0451       0.0519       0.0651       0.0427
    136.7000       0.0473       0.0568       0.0524       0.0456
    136.8000       0.0428       0.0507       0.0604       0.0436
    136.9000       0.0534       0.0608       0.0482       0.0451
    137.0000       0.0562       0.0631       0.0496       0.0435
    137.1000       0.0447       0.0560       0.0519       0.0427
    137.2000       0.0474       0.0543       0.0565       0.0441
    137.3000       0.0440       0.0595       0.0547       0.0480
    137.4000       0.0470       0.0556       0.0519       0.0421
    137.5000       0.0516       0.0483       0.0482       0.0474
    137.6000       0.0514       0.0558       0.0569       0.0451
    137.7000       0.0474       0.0579       0.0516       0.0469
    137.8000       0.0408       0.0650       0.0611       0.0422
    137.9000       0.0427       0.0545       0.0527       0.0461
    138.0000       0.0516       0.0503       0.0455       0.0518
    138.1000       0.0591       0.0486       0.0509       0.0555
    138.2000       0.0457       0.0508       0.0593       0.0400
    138.3000       0.0560       0.0602       0.0469       0.0479
    138.4000       0.0456       0.0614       0.0598       0.0486
    138.5000       0.0527       0.0533       0.0537       0.0501
    138.6000       0.0456       0.0442       0.0580       0.0408
    138.7000       0.0442       0.0537       0.0528       0.0549
    138.8000       0.0451       0.0577       0.0573       0.0423
    138.9000       0.0480       0.0635       0.0590       0.0527
    139.0000       0.0462       0.0584       0.0515       0.0387
    139.1000       0.0513       0.0513       0.0523       0.0413
    139.2000       0.0457       0.0463       0.0543       0.0497
    139.3000       0.0405       0.0606       0.0593       0.0490
    139.4000       0.0487       0.0609       0.0516       0.0491
    139.5000       0.0559       0.0649       0.0439       0.0409
    139.6000       0.0479       0.0611       0.0579       0.0425
    139.7000       0.0484       0.0498       0.0526       0.0413
    139.8000       0.0390       0.0532       0.0530       0.0486
    139.9000       0.0500       0.0539       0.0524       0.0472
    140.0000       0.0467       0.0551       0.0505       0.0419
    140.1000       0.0475       0.0627       0.0509       0.0490
    140.2000       0.0576       0.0624       0.0543       0.0427
    140.3000       0.0441       0.0586       0.0588       0.0387
    140.4000       0.0531       0.0468       0.0543       0.0481
    140.5000       0.0435       0.0551       0.0562       0.0436
    140.6000       0.0608       0.0562       0.0458       0.0443
    140.7000       0.0531       0.0617       0.0596       0.0432
    140.8000       0.0476       0.0509       0.0580       0.0426
    140.9000       0.0490       0.0551       0.0586       0.0448
    141.0000       0.0566       0.0650       0.0456       0.0377
    141.1000       0.0429       0.0525       0.0509       0.0566
    141.2000       0.0643       0.0531       0.0498       0.0482
    141.3000       0.0454       0.0558       0.0567       0.0424
    141.4000       0.0561       0.0433       0.0494       0.0406
    141.5000       0.0435       0.0562       0.0526       0.0409
    141.6000       0.0500       0.0553       0.0520       0.0484
    141.7000       0.0476       0.0521       0.0517       0.0462
    141.8000       0.0479       0.0507       0.0564       0.0412
    141.9000       0.0563       0.0534       0.0520       0.0462
    142.0000       0.0455       0.0467       0.0557       0.0453
    142.1000       0.0448       0.0540       0.0501       0.0533
    142.2000       0.0457       0.0529       0.0532       0.0415
    142.3000       0.0575       0.0522       0.0599       0.0572
    142.4000       0.0496       0.0487       0.0492       0.0384
    142.5000       0.0453       0.0540       0.0551       0.0437
    142.6000       0.0456       0.0449       0.0493       0.0530
    142.7000       0.0482       0.0546       0.0580       0.0380
    142.8000       0.0465       0.0591       0.0594       0.0489
    142.9000       0.0590       0.0518       0.0469       0.0436
    143.0000       0.0490       0.0578       0.0572       0.0478
    143.1000       0.0411       0.0484       0.0464       0.0420
    143.2000       0.0427       0.0530       0.0588       0.0453
    143.3000       0.0469       0.0503       0.0546       0.0457
    143.4000       0.0633       0.0504       0.0502       0.0436
    143.5000       0.0536       0.0497       0.0513       0.0555
    143.6000       0.0507       0.0481       0.0540       0.0450
    143.7000       0.0482       0.0454       0.0531       0.0395
    143.8000       0.0447       0.0494       0.0524       0.0461
    143.9000       0.0390       0.0492       0.0520       0.0478
    144.0000       0.0627       0.0444       0.0495       0.0518
    144.1000       0.0541       0.0541       0.0459       0.0488
    144.2000       0.0538       0.0530       0.0474       0.0463
    144.3000       0.0440       0.0438       0.0524       0.0424
    144.4000       0.0483       0.0546       0.0579       0.0449
    144.5000       0.0462       0.0509       0.0520       0.0486
    144.6000       0.0531       0.0574       0.0505       0.0438
    144.7000       0.0492       0.0583       0.0505       0.0427
    144.8000       0.0456       0.0540       0.0515       0.0437
    144.9000       0.0389       0.0569       0.0527       0.0436
    145.0000       0.0470       0.0580       0.0478       0.0479
    145.1000       0.0522       0.0488       0.0642       0.0406
    145.2000       0.0463       0.0475       0.0466       0.0503
    145.3000       0.0536       0.0512       0.0509       0.0395
    145.4000       0.0456       0.0573       0.0558       0.0428
    145.5000       0.0533       0.0434       0.0598       0.0457
    145.6000       0.0469       0.0493       0.0579       0.0428
    145.7000       0.0539       0.0532       0.0624       0.0494
    145.8000       0.0464       0.0552       0.0461       0.0522
    145.9000       0.0489       0.0466       0.0535       0.0412
    146.0000       0.0403       0.0494       0.0526       0.0518
    146.1000       0.0497       0.0606       0.0536       0.0430
    146.2000       0.0436       0.0559       0.0578       0.0419
    146.3000       0.0470       0.0495       0.0478       0.0460
    146.4000       0.0448       0.0412       0.0574       0.0441
    146.5000       0.0526       0.0501       0.0512       0.0454
    146.6000       0.0448       0.0533       0.0576       0.0468
    146.7000       0.0487       0.0543       0.0533       0.0417
    146.8000       0.0568       0.0516       0.0450       0.0375
    146.9000       0.0562       0.0542       0.0527       0.0546
    147.0000       0.0503       0.0521       0.0527       0.0459
    147.1000       0.0438       0.0510       0.0483       0.0451
    147.2000       0.0550       0.0573       0.0515       0.0484
    147.3000       0.0523       0.0530       0.0509       0.0503
    147.4000       0.0585       0.0647       0.0496       0.0424
    147.5000       0.0431       0.0493       0.0574       0.0389
    147.6000       0.0469       0.0706       0.0522       0.0521
    147.7000       0.0422       0.0562       0.0571       0.0436
    147.8000       0.0523       0.0589       0.0527       0.0386
    147.9000       0.0484       0.0501       0.0618       0.0438
    148.0000       0.0425       0.0529       0.0626       0.0481
    148.1000       0.0411       0.0617       0.0496       0.0434
    148.2000       0.0464       0.0529       0.0523       0.0488
    148.3000       0.0557       0.0477       0.0554       0.0410
    148.4000       0.0483       0.0465       0.0661       0.0422
    148.5000       0.0522       0.0592       0.0627       0.0434
    148.6000       0.0495       0.0557       0.0578       0.0410
    148.7000       0.0497       0.0491       0.0535       0.0473
    148.8000       0.0566       0.0476       0.0494       0.0543
    148.9000       0.0485       0.0685       0.0533       0.0452
    149.0000       0.0464       0.0565       0.0591       0.0372
    149.1000       0.0472       0.0479       0.0510       0.0449
    149.2000       0.0392       0.0486       0.0500       0.0408
    149.3000       0.0476       0.0502       0.0544       0.0452
    149.4000       0.0494       0.0561       0.0652       0.0422
    149.5000       0.0510       0.0566       0.0496       0.0456
    149.6000       0.0448       0.0626       0.0513       0.0431
    149.7000       0.0408       0.0608       0.0501       0.0442
    149.8000       0.0481       0.0490       0.0481       0.0452
    149.9000       0.0448       0.0625       0.0638       0.0412
    150.0000       0.0618       0.0502       0.0576       0.0500
